56 1085 1283
1050 601 255
474 473 472
1080 168 1082
1001 561 243
1529 1535 1533
669 970 292
520 521 511
929 927 37
424 1525 911
644 614 272
944 945 121
247 462 1608
1556 73 1552
1146 1156 1155
1147 1139 1143
18 613 614
1025 32 589
1162 1163 173
647 278 646
907 664 906
722 723 714
1235 1252 1250
287 1171 1167
1096 1069 1090
714 723 287
441 714 287
980 1215 303
1394 1391 1395
63 1406 790
808 741 1360
768 770 769
1325 1327 1326
64 1352 1338
1585 451 215
1325 1332 1318
160 586 584
22 635 636
1613 1605 244
235 1063 1046
361 792 1507
190 876 877
1016 555 40
418 1620 898
48 1113 573
618 266 651
932 931 930
974 555 1016
956 957 66
575 243 561
1014 1006 35
1600 1601 146
998 932 239
890 1616 1003
240 1006 570
239 960 998
41 1028 1024
1196 963 986
1115 557 1664
1039 595 1036
1099 469 1132
57 1062 1063
1062 57 1051
168 481 1097
20 658 657
732 1084 258
1080 483 168
55 482 1149
252 1070 1071
1050 1051 601
266 619 634
481 168 483
947 949 948
557 129 559
645 273 1100
1103 1104 18
551 553 552
65 1040 1101
645 644 643
470 61 469
642 638 268
167 630 612
494 285 1182
80 689 467
286 1192 1191
468 80 467
1180 1181 1192
969 961 922
291 1186 686
691 1200 1189
1215 980 1214
1187 1176 1174
495 672 285
496 691 690
1185 968 253
1209 1210 11
966 686 1186
308 1216 707
348 1367 447
1208 698 1211
1207 1208 299
488 489 11
84 1244 1242
307 1170 487
712 24 757
438 1227 281
1171 287 723
662 1147 648
697 730 722
661 663 662
69 696 697
722 288 723
695 328 744
733 1161 288
1263 44 1265
352 778 779
527 526 525
742 750 192
170 758 759
1073 863 91
191 1300 1299
869 1580 1083
1380 1386 777
433 324 1221
1224 708 1225
1251 1249 1250
1392 1379 787
778 1356 312
1361 809 1363
1398 345 1390
1373 352 779
611 1340 1326
830 806 336
1344 343 1401
1385 1381 1371
306 1170 760
826 1472 197
822 823 374
1343 1390 28
795 794 793
788 1400 1351
402 1500 1499
27 1448 1418
812 358 1336
1471 1327 1470
858 211 1305
544 31 1605
856 857 225
826 825 610
854 407 853
855 856 224
850 849 851
1498 1501 1496
1549 1550 30
1460 827 1498
504 190 877
1317 1574 83
1563 739 872
601 603 602
1175 1176 179
1522 388 849
1310 1309 205
864 659 863
871 175 603
256 653 1067
871 1072 177
1588 1587 123
125 1589 1587
884 31 582
1590 837 410
190 502 530
216 1054 1055
1658 1312 1661
1616 890 115
177 607 608
996 959 152
1334 1628 52
1107 1313 135
840 392 1623
878 412 543
244 1602 1600
524 1618 419
1544 1528 1546
93 1586 844
599 1627 136
391 1599 1598
1524 5 1523
3 1625 909
459 1030 141
754 1625 423
1107 135 600
938 941 942
120 549 943
937 924 226
945 946 238
122 939 940
550 947 38
939 121 548
1113 1119 140
549 550 38
554 555 962
929 928 927
1041 1120 1119
141 1030 573
1118 1113 48
142 457 458
142 954 457
458 457 459
949 947 142
1110 1111 134
1112 949 458
141 573 1112
596 973 155
574 1029 158
1029 151 1038
574 572 1029
959 974 152
50 1039 1038
1032 1015 143
16 459 457
950 921 150
16 969 922
1214 683 688
1182 1181 1180
1000 1001 242
946 945 944
1004 214 1619
989 153 991
932 998 997
993 1031 960
151 1035 1038
1000 242 1028
562 560 1000
932 997 241
682 980 964
993 960 239
1001 1025 589
571 570 569
1108 753 1631
206 534 567
978 1016 40
561 36 576
574 573 572
34 1009 564
975 1031 1632
547 976 977
564 1009 1008
992 575 570
245 1018 1607
587 590 1017
1021 585 1022
585 159 584
1026 1022 76
452 451 453
950 951 149
1024 1017 249
1574 1314 83
1031 975 137
152 974 1016
975 1033 138
559 1037 1036
1033 41 952
545 50 1038
595 155 559
616 264 615
149 545 1035
1106 130 558
578 157 1034
616 1047 1046
217 606 1065
555 556 40
176 869 870
74 1019 536
525 526 157
604 606 605
246 1021 1022
865 608 453
606 1064 1065
57 1072 603
1063 235 607
603 1072 871
1072 607 177
476 1043 1042
57 603 601
255 602 652
603 175 602
1298 205 1297
81 1575 1066
255 652 658
758 1074 171
653 175 1083
566 1025 1630
1090 263 1089
601 602 255
476 475 477
616 615 617
658 20 1090
1070 1081 1093
1071 260 1094
743 70 728
1095 1071 1094
82 1293 1292
251 483 1088
482 55 481
1148 251 1150
55 634 628
628 271 630
65 1127 464
628 629 55
612 614 613
1082 1092 620
621 1045 1044
1097 167 1098
1119 1118 128
557 130 1048
262 1051 1050
232 463 464
1102 1101 1040
1132 643 272
1105 1102 1116
621 166 1045
614 644 1103
640 267 639
1127 553 464
948 1120 472
949 1112 140
15 1125 1124
233 943 473
625 627 626
551 232 553
473 943 549
269 625 626
456 642 1131
625 96 627
163 642 456
14 640 638
638 640 639
642 268 1131
639 478 268
486 163 454
484 641 163
1157 646 278
455 456 274
1142 1143 162
1136 485 1137
265 650 624
634 1149 623
1280 186 1086
1284 251 1088
1144 276 1143
1155 1153 278
665 1167 1171
651 624 650
79 1159 1160
647 646 648
714 715 69
440 118 439
118 466 1177
646 1157 1159
1154 22 636
1159 283 439
715 1158 1166
1178 119 492
669 668 667
648 1147 276
440 441 287
1178 663 119
119 1177 491
1178 1141 663
1147 1143 276
1140 1141 277
1138 1137 1139
119 491 492
117 466 467
969 963 1196
492 1179 1178
1175 968 1185
1182 285 672
675 985 293
490 495 13
1184 181 1185
253 1192 1181
633 984 1193
1176 967 179
632 253 968
659 660 91
987 988 47
1190 967 1176
1205 1209 298
1195 987 1194
1195 1194 295
967 633 631
1203 1200 290
990 991 154
497 1201 290
690 180 1187
497 290 496
1203 1194 1200
698 280 700
299 1208 1211
1210 1209 1205
1204 295 1203
1205 1206 299
498 496 291
1213 1212 676
1202 1207 1206
965 181 682
672 670 1182
174 1214 666
990 956 66
174 1215 1214
303 686 966
438 281 437
1173 1172 685
438 1226 1227
301 693 694
436 172 438
1233 1230 308
692 92 694
302 768 706
726 725 724
185 1277 1278
1212 700 280
92 1229 694
710 1210 1211
1230 1233 709
307 487 488
1169 487 1170
489 488 487
1224 1234 1233
760 1170 1234
306 1239 1232
1231 309 1169
1241 1222 1245
706 707 302
326 756 434
1225 1223 85
713 711 133
1222 132 762
763 338 1248
1250 131 1235
1228 43 769
1220 433 1221
1218 42 1259
324 1251 1250
735 327 1220
434 1251 324
330 1258 1264
1253 170 1255
736 735 734
1269 1271 1270
1258 1281 1264
660 499 500
736 327 735
654 656 655
1228 322 735
325 654 655
702 736 1265
1219 322 718
656 718 323
717 716 718
655 733 730
1161 23 1163
1274 1273 1259
656 1219 718
1274 1259 42
1258 330 1218
1265 736 330
735 322 734
1271 1281 320
321 729 727
1079 727 70
321 1270 729
637 187 1282
1087 1285 261
1085 1086 186
1075 1079 70
1282 1085 186
1292 1291 258
1079 329 1078
1273 320 1259
1272 1281 1271
1258 320 1281
1260 204 1302
1264 1263 1265
1290 1279 1293
653 602 175
204 1261 1288
1288 1296 204
863 659 91
754 753 752
203 1298 1296
1025 566 32
755 1253 1255
1257 1074 758
171 1073 1300
1331 1330 1305
194 1564 1573
720 1305 409
1299 1306 191
858 859 816
1349 1351 1350
808 1360 310
751 750 191
192 741 742
1324 211 814
1353 1347 1354
311 1363 809
332 1353 1352
341 1400 1398
1348 1359 331
1344 1345 343
1355 1362 312
343 779 508
767 1364 314
1368 1389 313
778 508 779
1365 99 1356
810 809 808
99 765 1356
1358 1359 1348
763 1363 311
339 1255 1361
767 338 764
712 757 1248
766 711 767
338 763 764
133 711 766
713 1245 1249
314 766 767
1365 1356 778
348 787 1379
507 506 505
1369 505 1364
1240 133 766
505 1369 313
1364 764 99
313 1389 1388
771 772 703
761 1239 306
776 346 1381
1393 1392 1391
315 1380 1376
1246 766 314
1247 1376 1380
98 1387 1388
1384 1383 1385
1375 28 1390
346 1371 1381
1387 315 507
351 1381 1385
781 1384 1378
446 347 1375
78 787 786
348 1377 1367
1366 1389 347
1365 1369 99
1366 1388 1389
1368 1369 1365
1345 1373 779
1368 313 1369
1375 1374 1373
347 1389 1374
1373 1345 28
779 343 1345
1399 345 1398
1350 342 1349
1352 1342 785
1350 1344 1401
356 1403 784
1343 341 1398
357 1335 807
1427 1425 77
1420 1423 360
349 1379 1392
1393 349 1392
1420 780 1393
1424 1425 353
78 1392 787
370 796 797
786 787 445
1394 355 1391
1420 360 780
1421 355 1394
1433 1434 88
365 1431 1435
1422 1423 1420
87 1435 794
799 800 369
1395 354 1394
773 365 775
813 820 516
357 796 1405
27 1418 797
63 790 788
1444 371 1446
369 800 802
1478 378 1473
748 749 26
375 1454 1439
1478 825 197
611 373 1340
382 1463 1459
830 102 1473
336 806 804
823 380 1455
831 337 821
807 798 357
820 337 516
515 1449 1448
1319 1322 1328
1470 1327 100
1332 1337 1341
333 1354 1357
610 609 611
1326 1327 196
1504 1489 71
381 1487 1475
225 1322 856
1319 100 1318
1320 224 1321
1615 1032 1617
852 1470 1328
1570 1577 193
749 1479 26
872 739 403
448 401 1513
200 1492 1485
828 71 1489
1477 748 791
201 1500 1490
1503 105 1501
1552 405 1557
1513 1492 448
201 832 1500
362 1507 1494
1539 1534 109
833 834 202
1486 1504 200
512 851 388
1506 1519 202
834 201 1486
112 1515 512
1515 209 851
425 1645 1643
911 1526 425
911 912 424
1521 520 1522
400 1547 540
912 389 1521
910 389 912
1643 1645 1644
1509 1510 30
72 1491 1492
1533 399 1529
1626 391 1623
1557 405 1555
398 1512 1555
738 737 739
1554 1548 1551
1552 1551 405
1554 218 1548
1556 1552 1557
1512 1514 1513
874 872 403
1557 1512 401
363 792 518
518 517 519
1495 1494 1484
855 857 856
73 1556 1495
1556 449 1495
404 1558 1559
1571 224 1572
1593 103 1565
1482 1554 737
410 835 842
1564 738 193
224 1320 1572
194 1565 1564
1593 1565 1566
103 737 738
528 21 1561
1569 1164 867
1309 1317 1301
1176 1175 1174
175 869 1083
89 453 451
1579 1580 176
1310 866 1309
189 875 876
503 1591 1592
89 1583 1584
860 877 188
217 1065 452
125 536 1589
1061 1060 1055
1606 244 1605
188 1585 862
1059 89 1584
885 1589 124
862 861 860
885 1587 1589
885 582 123
860 504 877
411 1594 1593
841 93 845
1547 1546 540
1590 123 583
533 581 886
220 1594 842
914 222 1596
542 886 31
533 531 414
835 836 93
837 583 414
881 1598 1599
838 53 893
913 915 914
533 413 532
1020 1019 1018
536 537 74
75 460 1023
245 1020 1018
1611 1613 1600
1602 1601 1600
248 1613 1611
1032 565 563
413 882 883
884 582 885
146 1056 1057
568 567 566
1057 1056 1058
206 461 534
580 1604 1603
1616 1603 178
580 565 145
115 891 895
1603 147 580
213 890 1003
1003 1002 1004
881 882 393
417 889 1620
393 840 1598
919 392 900
838 839 53
632 633 58
436 907 906
1108 598 599
1641 1642 422
992 1007 1630
1653 1645 1646
753 136 1334
1033 1027 41
1107 600 598
1627 1111 164
1623 1598 840
1639 29 918
223 1597 1545
1544 1546 94
52 1626 1622
1628 1627 164
422 1650 1641
1657 1649 422
847 901 421
1532 1531 1530
918 29 917
424 1527 1525
1532 1642 1641
422 1649 1650
1523 390 521
1531 110 1525
1646 1645 425
1104 1048 18
1656 165 1638
1638 135 1315
1110 134 600
1007 992 432
135 1313 1315
1652 111 1654
1316 429 1634
935 226 925
0 926 924
935 982 39
228 925 926
1313 1312 1311
227 668 981
1181 1182 59
668 956 667
227 982 955
982 935 1303
39 934 935
957 955 228
960 959 958
955 982 1303
238 963 954
959 960 137
956 668 227
227 981 982
986 963 238
226 935 933
925 1303 935
1312 1313 431
982 981 946
937 226 933
935 934 933
938 937 933
931 932 241
0 924 936
936 937 229
936 924 937
937 938 229
933 934 122
938 942 229
938 122 941
938 933 122
940 939 548
122 934 939
941 37 942
941 940 929
120 929 940
941 122 940
941 929 37
940 548 120
928 236 927
928 943 1123
928 120 943
549 120 548
928 929 120
550 549 548
38 473 549
944 121 939
953 550 121
121 550 548
953 947 550
141 458 459
949 142 458
457 954 963
953 121 945
953 142 947
953 954 142
668 986 981
954 953 945
934 944 939
238 954 945
39 944 934
946 981 238
39 946 944
39 982 946
981 986 238
669 667 990
494 1192 286
950 952 951
970 969 1196
973 617 49
970 237 969
962 952 150
150 922 961
237 556 961
963 16 457
683 1214 334
458 141 1112
1164 1165 406
1030 572 573
1015 1032 563
16 922 923
617 973 972
1165 1164 719
459 16 923
923 151 1030
923 922 921
1108 1107 598
1111 1110 1109
977 591 586
996 995 994
950 149 1035
1024 1028 1017
1035 545 1038
976 951 1024
151 921 1035
554 961 556
1035 921 950
151 923 921
950 150 952
921 922 150
965 966 33
1037 559 129
952 41 951
1314 1574 1624
555 138 962
555 974 138
974 975 138
974 959 975
561 562 36
1001 1000 560
970 971 237
971 978 556
562 561 560
966 965 964
1192 494 1180
971 556 237
668 292 986
671 672 117
978 971 154
672 671 670
669 971 970
669 154 971
991 978 154
40 556 978
1016 995 152
1006 1014 569
1016 999 995
978 991 999
526 596 157
989 990 66
154 669 990
596 526 972
960 958 998
995 153 994
961 962 150
137 975 959
1027 1000 1028
962 961 554
1 996 994
958 959 996
1000 1027 139
997 998 1
991 995 999
995 991 153
930 931 576
239 979 993
239 932 979
932 930 979
956 955 957
960 1031 137
1027 1028 41
139 1027 1031
1033 975 1632
993 139 1031
993 979 562
993 562 139
561 576 575
979 36 562
980 682 334
1001 560 561
564 565 34
1006 931 1005
565 564 563
992 1025 243
588 534 250
240 570 575
1007 571 1008
1025 992 1630
243 575 992
576 240 575
570 1006 569
931 240 576
1014 1015 144
955 956 227
241 1005 931
1015 1014 1013
1005 35 1006
571 1014 144
1025 1001 243
1014 571 569
579 565 580
144 564 1008
1016 978 999
1033 962 138
1014 35 1013
144 1015 564
565 1032 145
1013 143 1015
2 1615 1617
1604 178 1603
1330 1307 1624
1604 1012 178
1015 563 564
962 1033 952
1617 1032 143
1307 1330 420
1010 34 579
570 571 432
1615 1604 145
579 34 565
147 579 580
1058 1056 148
593 1009 1010
1008 571 144
34 1010 1009
1058 147 1057
566 207 568
1007 432 571
207 1008 1009
207 566 1007
570 432 992
573 574 48
207 1007 1008
753 1108 136
534 588 567
1630 1007 566
250 534 535
567 568 206
1009 593 207
148 1056 1023
593 594 568
1610 1609 1602
148 593 1010
568 207 593
594 148 1023
1010 579 1058
1010 1058 148
579 147 1058
594 1023 460
1056 1601 1023
568 594 206
593 148 594
594 460 206
75 1601 1602
535 461 247
206 460 461
75 462 460
461 460 462
1607 1608 245
247 461 462
1607 1053 1608
1053 1026 247
74 1060 1061
1053 247 1608
1582 1060 537
1022 1026 1053
592 535 1026
534 461 535
592 250 535
588 32 567
585 586 76
591 590 592
592 1026 76
535 247 1026
1022 585 76
578 525 157
1034 584 578
586 585 584
590 591 249
592 76 591
242 589 587
250 592 590
160 547 977
591 76 586
590 587 250
32 566 567
589 32 588
1312 1658 429
998 996 1
589 242 1001
996 998 958
588 250 587
242 587 1017
589 588 587
149 951 976
1017 590 249
1028 242 1017
1029 1030 151
562 1000 139
931 1006 240
1031 1027 1632
1030 1029 572
976 1024 249
951 41 1024
977 976 249
547 149 976
591 977 249
547 546 545
586 160 977
599 600 134
546 547 160
545 149 547
1034 597 546
50 545 546
559 1036 595
1037 1039 1036
973 558 155
1103 18 614
1107 1108 67
50 546 597
50 597 595
546 160 1034
155 558 559
49 1052 1106
1093 475 1091
1049 613 18
1106 1052 1044
262 1042 1051
130 1106 1044
558 973 1106
596 972 973
49 1106 973
49 615 1052
49 617 615
270 1043 476
1052 615 1043
1062 264 1046
1043 615 264
616 617 156
979 576 36
1047 616 156
1046 264 616
617 526 156
576 979 930
995 996 152
526 617 972
600 599 598
597 157 596
584 1034 160
157 597 1034
159 578 584
159 577 578
527 525 17
246 1022 1053
577 525 578
577 17 525
17 1064 606
1054 159 1021
1055 1021 246
159 585 1021
577 1054 1064
577 159 1054
1607 246 1053
538 537 536
1607 1061 246
1607 1018 1061
1064 1054 216
1061 1018 74
1021 1055 1054
246 1061 1055
1064 216 1065
1055 1060 216
605 606 217
216 1060 1582
215 1582 537
1065 216 1582
608 217 453
1065 1582 452
607 605 608
235 604 605
453 217 452
608 605 217
1063 607 1072
235 605 607
1047 527 604
577 1064 17
604 527 17
556 555 554
1046 1047 235
156 527 1047
606 604 17
235 1047 604
658 1089 255
1042 1043 264
1089 1050 255
1091 263 1093
1063 1062 1046
1051 1042 1062
1072 57 1063
601 1051 57
175 871 869
177 608 865
89 865 453
870 177 865
870 871 177
870 869 871
732 657 256
657 658 652
1067 653 1083
652 602 653
1068 1067 1066
1083 81 1067
203 1066 1298
1067 81 1066
1296 1298 1297
1066 1575 1298
1067 1068 256
1084 1295 1292
1066 203 1068
1296 1295 203
203 1084 1068
732 731 657
732 256 1068
652 653 256
256 657 652
260 1096 1286
1286 1285 260
1069 263 1090
657 731 20
732 258 731
1094 260 1285
1071 1069 260
1080 252 1088
1096 20 731
1070 1069 1071
1070 263 1069
658 1090 1089
20 1096 1090
258 1286 731
260 1069 1096
1089 1091 1050
620 54 1082
1062 1042 264
262 476 1042
1052 1043 270
262 1091 475
262 475 476
1093 1081 54
1050 1091 262
1089 263 1091
54 477 475
270 476 477
621 270 477
1044 1052 270
1092 1098 166
1044 270 621
1098 1049 166
621 477 620
1082 54 1081
620 477 54
1080 1082 1081
168 1092 1082
1070 1093 263
54 475 1093
252 1095 1088
1284 56 1283
1070 252 1081
1088 483 1080
1095 252 1071
1080 1081 252
1149 634 55
266 618 619
619 628 634
481 483 482
168 1097 1092
629 630 167
629 481 55
629 1097 481
471 271 619
612 272 614
618 471 619
274 470 471
1132 469 61
471 470 469
619 271 628
471 469 271
628 630 629
271 469 1099
612 1099 272
630 271 1099
1099 1132 272
231 627 552
272 643 644
1130 273 1129
126 645 1101
1130 626 231
167 612 613
630 1099 612
1048 1045 1049
166 620 1092
1098 167 613
1097 629 167
1097 1098 1092
613 1049 1098
1045 166 1049
621 620 166
18 1048 1049
130 1044 1045
127 1115 1104
130 1045 1048
1664 557 1048
557 1115 129
596 595 597
1104 1103 1105
557 558 130
559 558 557
127 1114 1115
595 1039 50
1115 1037 129
158 1039 1037
1037 1114 158
595 596 155
1117 1114 127
574 158 1114
1104 1115 1664
1114 1037 1115
1114 1117 574
1105 126 1102
1117 48 574
128 1102 1040
573 1113 1112
48 1117 1118
1041 1119 128
140 1112 1113
1113 1118 1119
1116 1102 128
1041 128 1040
1118 1116 128
1117 1116 1118
1117 127 1116
645 126 644
126 1105 1103
644 126 1103
1101 1102 126
127 1105 1116
127 1104 1105
1126 474 463
472 1120 234
232 464 553
465 1040 65
463 465 464
234 1120 1041
645 1100 1101
464 465 65
465 1041 1040
465 234 1041
1120 140 1119
1120 948 140
947 948 38
949 140 948
474 472 234
38 948 472
463 234 465
463 474 234
232 1126 463
1123 236 928
472 473 38
1124 1122 15
474 233 473
233 1124 1123
1123 1125 236
1122 551 1121
943 233 1123
474 1126 233
1123 1124 1125
233 1126 1124
1122 1126 232
1122 1124 1126
230 1121 551
1122 232 551
1121 15 1122
552 230 551
1128 230 552
552 627 1128
552 553 231
479 480 61
1129 480 269
1130 231 1127
626 627 231
1100 1127 65
231 553 1127
1100 1130 1127
643 1132 1133
1101 1100 65
645 643 273
273 1133 1129
1132 61 1133
1130 1129 626
1133 61 480
1100 273 1130
643 1133 273
267 1134 1135
479 61 470
269 480 478
1129 1133 480
1131 470 274
268 478 479
1131 479 470
478 480 479
456 1131 274
268 479 1131
639 267 1135
626 1129 269
478 1135 269
96 1128 627
1134 96 625
1135 1134 625
269 1135 625
478 639 1135
641 14 638
268 638 639
642 641 638
163 641 642
649 14 641
455 454 456
485 161 484
485 1136 161
1138 1139 275
1136 1137 95
486 162 485
1143 1139 162
649 484 161
649 641 484
486 485 484
162 1137 485
275 1139 1147
1137 162 1139
79 662 648
662 275 1147
265 1146 1145
1144 1143 1142
455 60 454
1144 1145 276
454 60 1142
60 650 1144
1142 60 1144
622 623 259
162 486 1142
484 163 486
486 454 1142
163 456 454
274 618 455
274 471 618
455 651 60
455 618 651
623 266 634
623 624 266
265 624 622
651 266 624
1156 1152 22
1076 1282 186
623 622 624
259 1152 622
1148 1149 482
259 623 1149
1149 1148 259
1284 1088 1095
482 251 1148
482 483 251
1151 187 635
1151 1148 1150
259 1151 1152
259 1148 1151
187 1150 1283
187 1151 1150
1152 635 22
1152 1151 635
1154 636 1278
635 187 637
1153 1155 1154
185 637 1076
1158 283 1157
278 647 1146
284 1154 1278
1155 22 1154
650 265 1145
1155 278 1146
1152 1156 622
22 1155 1156
1144 650 1145
60 651 650
1145 647 276
1145 1146 647
1156 265 622
1156 1146 265
1159 439 1160
468 466 118
1160 439 118
1159 1157 283
118 440 468
439 441 440
439 283 441
1157 1153 1158
284 1153 1154
1157 278 1153
1275 284 1278
1166 1158 284
283 1158 715
69 722 714
284 1158 1153
1166 69 715
441 715 714
441 283 715
1162 1171 723
1167 468 440
1163 920 173
173 664 665
925 924 926
1162 723 288
173 665 1171
174 907 1215
1162 173 1171
924 925 226
682 684 683
80 1167 665
287 1167 440
665 666 80
1167 80 468
334 1214 980
720 721 97
671 1183 670
721 720 719
666 1214 688
688 683 689
985 675 1188
467 671 117
289 1183 671
1182 1183 59
119 661 1177
466 117 491
666 689 80
468 467 466
956 990 667
1159 79 646
1160 661 79
647 648 276
646 79 648
661 662 79
663 1141 275
1177 661 1160
119 663 661
118 1177 1160
466 491 1177
663 275 662
1141 1140 1138
1141 1138 275
95 1137 1138
95 1138 1140
277 1178 1179
277 1141 1178
490 492 491
490 13 492
492 13 1179
117 490 491
117 672 490
1183 1182 670
689 666 688
495 493 13
501 500 499
672 495 490
1180 494 1182
500 501 182
963 969 16
286 493 494
1185 253 1181
968 631 632
59 1184 1181
181 1175 1185
683 684 289
684 1184 1183
289 684 1183
682 181 684
1181 1184 1185
985 984 983
1183 1184 59
684 181 1184
965 1175 181
179 968 1175
920 1217 172
671 689 289
1217 920 1163
1174 1175 965
1186 1187 33
689 671 467
180 1176 1187
1189 1200 47
690 691 180
1200 1194 47
180 1190 1176
254 633 967
961 969 237
1190 254 967
660 659 499
984 633 254
632 58 1191
986 970 1196
991 990 989
970 986 292
633 1193 58
988 984 254
983 987 985
988 983 984
293 674 675
984 294 1193
988 987 983
985 1188 294
985 987 293
674 673 675
674 1197 297
675 673 12
1188 675 12
1192 632 1191
632 1192 253
987 1195 293
674 1195 1197
674 293 1195
674 297 673
1197 1198 297
1197 295 1199
1201 1204 1203
1197 1195 295
1197 1199 1198
1202 1201 497
1201 1203 290
295 1194 1203
180 1189 1190
1194 987 47
1190 988 254
1190 1189 988
988 1189 47
180 691 1189
290 691 496
290 1200 691
1186 690 1187
1186 291 690
498 497 496
496 690 291
687 498 291
1202 296 1201
678 1208 1207
46 1202 497
295 1204 1199
681 296 680
1199 45 1198
1199 1204 681
45 1199 681
45 681 679
1204 1201 296
680 296 1206
681 1204 296
498 46 497
1206 296 1202
1205 680 1206
679 681 680
679 680 298
698 700 699
299 1206 1207
680 1205 298
299 1210 1205
698 1208 280
677 498 687
1207 46 678
1207 1202 46
498 677 46
116 1173 907
677 678 46
1212 281 1229
678 280 1208
678 677 676
676 1212 280
1213 282 1172
437 281 1213
1227 1229 281
1212 1213 281
966 1186 33
678 676 280
677 687 282
282 1213 676
1172 437 1213
677 282 676
687 686 685
685 686 303
687 291 686
967 968 179
303 1173 685
964 980 966
1173 116 1172
282 685 1172
282 687 685
966 980 303
682 683 334
968 967 631
965 682 964
689 683 289
965 1187 1174
984 985 294
1187 965 33
668 669 292
664 907 174
920 664 173
925 955 1303
1215 1173 303
1215 907 1173
116 437 1172
664 920 906
116 436 437
906 920 436
436 438 437
955 925 228
1161 1163 1162
23 725 1217
323 1168 733
1168 716 724
733 1168 1161
726 770 693
1161 1168 23
769 717 1228
323 716 1168
323 718 716
1220 1228 735
717 718 322
322 1228 717
1220 43 1228
1168 724 23
716 717 300
770 300 769
724 716 300
725 726 301
724 300 726
768 769 43
300 717 769
770 768 302
1236 1252 318
693 770 302
726 300 770
1236 318 706
85 760 1234
726 693 301
302 707 692
1227 1226 301
23 724 725
23 1217 1163
1226 438 172
725 1226 1217
436 920 172
1217 1226 172
725 301 1226
1212 1229 700
1227 301 694
1227 694 1229
693 302 692
700 92 699
692 707 1216
699 92 1216
700 1229 92
304 1230 709
699 1216 1230
1230 304 699
1211 1210 299
304 1211 698
709 488 710
1210 710 11
709 307 488
304 710 1211
488 11 710
699 304 698
709 710 304
1170 307 1234
1230 1216 308
1233 307 709
1233 1234 307
309 487 1169
489 487 309
1225 85 1224
762 760 85
708 1224 308
85 1234 1224
708 308 707
1224 1233 308
92 692 1216
694 693 692
706 708 707
318 1252 1235
706 318 708
1223 1222 762
762 761 760
1376 84 1246
1169 306 1232
761 132 1243
762 132 761
1223 1225 1235
703 705 704
1239 761 1243
1170 306 1169
760 761 306
1169 1232 1231
1232 86 1231
1232 1239 1237
1232 1237 86
1239 1243 305
1237 1238 86
1237 305 705
1239 305 1237
1242 132 1241
1237 705 1238
703 316 771
705 317 1238
705 703 317
305 704 705
305 1243 1244
317 703 772
704 316 703
704 1247 316
1242 1243 132
704 1244 1247
704 305 1244
133 1241 1245
84 1247 1244
1240 1242 1241
1244 1243 1242
1240 84 1242
1240 1246 84
1241 133 1240
24 1249 1251
711 712 338
755 326 1253
24 713 1249
1245 131 1249
1245 1222 131
1241 132 1222
711 713 712
133 1245 713
1222 1223 131
1225 708 318
131 1223 1235
762 85 1223
1225 318 1235
706 768 1236
43 1236 768
43 1221 1236
1221 324 1252
1249 131 1250
1252 324 1250
433 434 324
1236 1221 1252
43 1220 1221
433 327 435
433 1220 327
435 434 433
757 755 339
435 326 434
701 702 44
755 756 326
1251 434 756
713 24 712
1251 756 24
1248 757 339
24 756 757
701 44 1254
1254 1256 1257
339 755 1255
757 756 755
326 701 1253
1264 1281 257
435 701 326
435 702 701
1253 1254 170
1253 701 1254
1254 1257 170
169 1074 1257
169 863 1074
169 864 863
1268 864 169
1267 183 864
864 183 659
1267 746 183
864 1268 1267
169 1257 1256
169 1256 1268
1254 44 1256
1268 257 1267
1268 1256 1263
257 1272 1267
19 1269 1266
321 1294 1269
1272 257 1281
1271 320 1270
656 42 1219
1269 19 1271
746 1267 1272
1263 1264 257
1265 330 1264
1268 1263 257
1256 44 1263
44 702 1265
435 327 702
734 1218 330
734 1219 1218
330 736 734
702 327 736
1218 1219 42
734 322 1219
1258 1259 320
1258 1218 1259
1276 1274 654
1273 1270 320
1276 654 325
1274 42 654
655 656 323
654 42 656
733 655 323
730 325 655
733 288 730
1161 1162 288
697 722 69
730 288 722
696 695 697
325 730 697
697 695 325
744 319 1276
325 695 1276
185 1278 636
1166 696 69
1166 284 1275
696 1275 328
696 1166 1275
744 328 743
1275 1278 1277
696 328 695
1275 1277 328
744 743 728
328 1277 743
319 744 728
1276 695 744
1276 319 1274
729 1270 1273
729 319 728
1273 1274 319
319 729 1273
728 727 729
728 70 727
743 1277 1077
1280 1079 1075
1078 727 1079
1279 329 1280
1078 321 727
1290 1289 329
1289 1294 1078
1075 1077 1076
70 743 1077
635 637 636
1077 1277 185
1076 637 1282
185 636 637
1075 1076 186
1077 185 1076
1280 1075 186
70 1077 1075
1283 1085 1282
1087 1086 1085
187 1283 1282
56 1095 1094
1150 1284 1283
1150 251 1284
1095 56 1284
1094 1087 56
56 1087 1085
1094 1285 1087
1087 261 1086
1285 1286 1291
261 1279 1086
329 1079 1280
1086 1279 1280
1292 258 1084
731 1286 1096
258 1291 1286
261 1291 1293
261 1285 1291
1295 1288 82
1279 261 1293
1288 1287 82
1293 1291 1292
1266 1269 1294
1290 1293 82
1289 1290 1287
329 1279 1290
1295 82 1292
1287 1290 82
329 1289 1078
1266 279 1262
1078 1294 321
1289 1287 279
321 1269 1270
1294 279 1266
1289 279 1294
1287 1261 279
1261 1262 279
746 1272 19
1260 1262 1261
745 1266 1262
745 19 1266
1272 1271 19
183 501 659
182 1260 1304
753 754 423
746 19 745
659 501 499
745 1262 182
1302 1304 1260
501 745 182
1262 1260 182
204 1297 1302
1068 1084 732
203 1295 1084
1287 1288 1261
1295 1296 1288
1261 204 1260
1296 1297 204
1301 83 1302
1304 500 182
1297 1301 1302
526 527 156
1302 83 1304
1331 1305 211
1304 83 1314
1301 1317 83
1316 1315 1311
660 1299 91
1073 91 1299
666 664 174
1073 1299 1300
664 666 665
184 660 500
184 1306 660
1315 1316 68
1624 1574 1330
1307 1306 184
1299 660 1306
1308 191 1306
750 1300 191
814 212 1329
25 443 444
1307 1308 1306
751 191 1308
1324 1329 25
751 1308 1323
754 909 1625
1165 1574 1317
1314 1307 184
420 1308 1307
909 754 416
1307 1314 1624
409 1330 1574
1331 211 1324
1164 1569 408
859 97 1320
1165 720 409
746 501 183
409 1305 1330
720 97 858
1319 815 210
815 814 816
211 858 816
1305 720 858
1322 210 1321
858 97 859
859 1320 1321
501 746 745
1321 856 1322
1321 224 856
1560 854 857
1328 1322 225
859 210 816
859 1321 210
852 1328 225
1470 100 1328
210 815 816
100 1327 1325
1322 1319 210
1328 100 1319
1339 1338 1337
1318 815 1319
1341 1357 1329
1334 1333 752
1325 1318 100
212 815 1318
1337 340 1339
1333 1334 52
816 814 211
815 212 814
1574 1165 409
420 1330 1331
1357 25 1329
1357 1354 443
1331 1324 1323
814 1329 1324
212 1341 1329
1354 331 443
1337 1338 333
1353 1354 333
1332 1341 212
333 1357 1341
64 1338 1339
1353 333 1338
1318 1332 212
1325 1326 340
1325 340 1332
358 812 813
1326 1340 340
1326 196 611
1341 1337 333
1332 340 1337
1340 1339 340
1340 373 811
811 64 1339
342 784 1349
1340 811 1339
813 516 358
514 807 358
1336 1342 812
811 812 64
356 784 785
64 812 1342
811 373 813
332 785 783
1342 1336 356
1338 1352 1353
64 1342 1352
332 1347 1353
1348 331 1347
783 342 1402
509 508 510
785 332 1352
1346 1347 332
1348 62 1358
342 783 784
510 1362 1358
310 1360 1359
442 331 1359
1359 1358 310
1362 810 310
809 90 808
1346 1348 1347
1346 62 1348
1347 331 1354
1359 1360 442
442 443 331
25 1357 443
751 444 750
751 25 444
444 192 750
444 443 442
192 442 1360
192 444 442
742 741 740
192 1360 741
171 742 740
1300 750 742
742 171 1300
1074 863 1073
759 758 740
170 1257 758
758 171 740
1074 1073 171
90 759 740
1255 170 759
1361 90 809
740 741 90
1358 1362 310
1355 765 311
759 1361 1255
759 90 1361
810 808 310
90 741 808
1363 1248 339
338 712 1248
1361 1363 339
809 810 311
1363 763 1248
765 764 763
1362 1355 810
765 763 311
62 510 1358
1355 1356 765
509 510 62
508 312 510
510 312 1362
508 778 312
1364 99 1369
764 765 99
1356 1355 312
311 810 1355
352 1365 778
352 1368 1365
1375 1373 28
1374 352 1373
446 1375 1390
347 1374 1375
98 1370 1387
507 313 1388
1374 1368 352
1374 1389 1368
507 505 313
1246 1240 766
505 314 1364
505 506 314
338 767 711
764 1364 767
506 1246 314
506 1376 1246
507 315 506
1247 84 1376
506 315 1376
507 1388 1387
1367 1372 98
1370 1386 1387
346 1370 1371
1386 1380 315
1247 1380 316
315 1387 1386
346 1386 1370
777 316 1380
777 771 316
776 1381 1382
772 771 10
10 771 776
346 777 1386
346 776 777
10 776 1382
771 777 776
1372 350 1371
351 1382 1381
1383 351 1385
350 1384 1385
349 780 781
1385 1371 350
1377 1378 350
108 1383 1384
1378 1377 1379
350 1372 1377
1370 1372 1371
1367 1377 1372
1366 98 1388
1372 1370 98
447 1366 347
1367 98 1366
787 348 445
1367 1366 447
347 446 447
446 345 445
446 445 447
446 1390 345
1396 786 1399
786 445 345
1399 786 345
1395 1391 78
445 348 447
1379 1377 348
349 1378 1379
1384 350 1378
781 1378 349
108 781 782
108 1384 781
782 780 360
782 781 780
355 1393 1391
780 349 1393
355 1420 1393
355 1422 1420
774 1422 1421
9 1423 1422
1397 354 1395
1424 1421 1394
774 1421 353
1422 355 1421
1417 354 1397
1426 1415 77
1396 78 786
1391 1392 78
344 1399 1400
344 1396 1399
1395 1396 1397
1395 78 1396
344 788 789
1412 370 1411
797 1411 370
789 1397 344
370 1404 796
1403 63 1349
359 790 1405
359 1417 789
63 788 1351
790 359 789
790 789 788
1417 1397 789
788 344 1400
1397 1396 344
1345 1344 1343
1400 1399 1398
1351 341 1350
1343 28 1345
1350 341 1344
1398 1390 1343
1344 341 1343
1351 1400 341
1401 342 1350
783 1346 332
508 509 343
509 1402 1401
1346 1402 62
1401 343 509
1401 1402 342
509 62 1402
784 783 785
1402 1346 783
1342 356 785
1406 357 1405
784 1403 1349
356 1336 1335
1349 63 1351
1403 1335 1406
356 1335 1403
1336 358 807
790 1406 1405
63 1403 1406
1336 807 1335
358 516 514
1335 357 1406
807 514 798
337 515 516
798 796 357
515 27 514
1447 1448 335
1451 1408 335
1413 366 1429
1451 1450 1408
374 1441 1446
1408 1409 335
375 1407 1454
514 27 798
1447 335 1409
515 1448 27
1449 335 1448
1447 1418 1448
797 798 27
819 1447 1409
819 376 1447
375 819 1409
1426 77 1425
1416 1415 1404
1418 1447 376
1429 366 1410
1411 1418 376
376 1410 1411
1431 794 1435
1411 797 1418
796 798 797
1416 370 1412
1404 1405 796
1416 1404 370
359 1405 1404
1413 793 1414
1415 359 1404
77 1415 1416
1417 359 1415
1412 1419 1416
1426 354 1417
1419 366 1414
353 1421 1424
354 1424 1394
354 1426 1424
1424 1426 1425
1417 1415 1426
773 775 774
775 9 774
774 9 1422
353 773 774
1425 1428 353
1428 1431 773
1431 1428 364
773 353 1428
1425 1427 1428
793 794 364
773 1431 365
364 794 1431
1414 793 364
367 1438 1437
1428 1427 364
817 376 819
367 1413 1430
1414 1427 1419
1414 366 1413
1412 1411 1410
1419 1427 77
1414 364 1427
1416 1419 77
1412 366 1419
817 1410 376
366 1412 1410
818 1433 88
1430 1413 1429
1429 88 1430
817 819 818
1436 87 795
367 793 1413
1430 88 1434
88 1429 817
1430 1434 1438
1437 1436 795
87 794 795
367 1437 795
368 1436 1437
1438 367 1430
795 793 367
802 1437 1438
802 368 1437
1434 369 1438
800 803 802
802 803 368
800 8 803
1438 369 802
371 1433 1439
8 800 801
800 799 801
799 1443 372
801 799 372
369 1434 1432
369 1432 799
1434 1433 1432
1432 1443 799
1444 1446 1441
1443 1445 372
1443 1444 1445
1440 1441 374
1444 1443 371
107 1441 1442
822 374 1454
822 824 823
1432 371 1443
1432 1433 371
107 1444 1441
107 1445 1444
375 818 819
1439 1433 818
88 817 818
1429 1410 817
1407 822 1454
1454 1446 1439
1409 1407 375
374 1446 1454
375 1439 818
1446 371 1439
106 822 1407
385 1467 1463
1408 1407 1409
1408 106 1407
1450 106 1408
1464 1463 1462
106 824 822
1453 1450 804
1440 823 1455
1498 382 1460
824 380 823
377 804 805
1457 1455 380
1442 1441 1440
823 1440 374
1455 1465 379
379 1440 1455
1442 1440 379
1468 7 1458
1465 1455 1457
385 1464 1458
1457 380 1456
7 1457 1458
1465 1457 7
1468 1458 1464
1462 382 1496
1497 1496 105
1497 1462 1496
386 1462 1497
1452 1466 1456
386 1464 1462
386 1468 1464
385 1463 1464
382 1462 1463
1467 1459 1463
1461 1460 1459
748 1477 381
1461 1459 104
805 1469 377
104 1459 1467
1456 1466 385
1469 104 1467
1453 377 1452
1469 1467 1466
1457 1456 1458
1466 1467 385
1458 1456 385
380 824 1452
1466 377 1469
1466 1452 377
380 1452 1456
824 106 1453
336 804 1450
804 377 1453
824 1453 1452
106 1450 1453
1450 1451 336
378 1478 1476
1449 1451 335
1449 337 831
1449 831 1451
831 830 336
830 831 821
336 1451 831
516 515 514
337 1449 515
811 813 812
373 609 820
373 820 813
821 337 820
102 830 821
1473 806 830
1473 102 825
821 820 609
610 102 609
102 821 609
610 611 196
609 373 611
826 610 196
825 102 610
747 1478 197
1473 825 1478
104 1474 1475
1474 1469 805
805 378 1474
806 1473 378
806 805 804
806 378 805
1469 1474 104
378 1476 1474
104 1475 1461
1474 1476 1475
1472 749 197
749 747 197
748 747 749
1476 1478 747
361 1477 791
1477 1487 381
71 829 1493
381 1475 1476
1327 1471 196
197 825 826
198 1471 1470
826 196 1471
852 198 1470
1479 1472 198
1471 1472 826
1471 198 1472
517 1479 853
749 1472 1479
517 853 407
1479 198 853
854 852 225
853 198 852
852 854 853
225 857 854
1483 363 519
407 854 1560
519 517 407
26 1479 517
1560 1558 407
450 362 449
518 26 517
791 748 26
1493 361 1507
1558 519 407
791 518 792
791 26 518
791 792 361
518 519 363
448 200 450
1508 1493 1507
362 1508 1507
71 1493 1508
402 1502 1500
1489 201 1490
828 829 71
1488 361 1493
827 829 828
1488 1493 829
1475 1487 1461
1477 1488 1487
747 381 1476
747 748 381
1459 1460 382
1461 1487 384
384 1488 829
1477 361 1488
1461 384 1460
1487 1488 384
384 827 1460
384 829 827
382 1498 1496
1490 828 1489
1496 1501 105
1498 827 383
1498 383 1501
827 828 383
1502 402 1503
1503 1501 1502
383 1502 1501
383 1490 1502
1486 201 1489
834 1485 202
1502 1490 1500
383 828 1490
1520 6 833
1499 1500 832
1520 1519 208
1485 1492 1491
1520 833 1519
832 201 834
6 832 833
1499 832 6
832 834 833
1486 1485 834
1489 1504 1486
71 1508 1504
1486 200 1485
1504 1508 450
209 1506 1505
202 1485 1491
1506 202 1491
1519 833 202
1514 1518 72
1517 1515 112
1513 72 1492
1505 1491 72
1540 387 1518
30 1536 1549
850 1518 387
1505 72 1518
850 209 1505
851 512 1515
513 112 512
1516 1519 1506
1505 1506 1491
209 1515 1516
1519 1516 208
1506 209 1516
1517 1516 1515
208 1516 1517
511 513 512
513 511 390
512 388 511
521 520 389
511 388 520
910 1643 1524
390 511 521
1524 1523 521
1644 5 1643
1524 1643 5
425 1526 1646
912 911 910
1525 1526 911
1535 1521 109
389 520 1521
389 1524 521
389 910 1524
1528 394 1527
912 1521 1535
1535 424 912
1528 399 1546
1535 1529 424
1535 109 1533
1521 1522 109
539 399 1533
1534 1533 109
1534 539 1533
849 1539 1522
398 1537 1540
109 1522 1539
520 388 1522
851 849 388
387 1539 849
850 387 849
1518 1514 1540
209 850 851
1505 1518 850
1539 1541 1534
843 845 844
398 1536 1537
405 1548 1549
1538 1537 1536
1541 387 1540
397 1541 1537
1539 387 1541
1541 397 1534
1537 1538 397
397 539 1534
397 1538 541
1597 1635 94
399 539 540
1510 541 1538
539 397 541
399 540 1546
539 541 540
1545 1547 400
540 541 400
1511 843 1545
903 221 905
844 223 843
51 1596 883
1545 843 223
219 1553 1595
913 1597 223
30 1538 1536
400 1511 1545
1509 219 1511
400 1510 1511
400 541 1510
1509 30 1550
1510 1538 30
1593 1594 1481
1553 1509 1550
1510 1509 1511
1553 218 1480
403 1554 1551
737 103 1482
737 403 739
737 1554 403
1484 873 73
403 1551 874
1551 1548 405
218 1550 1548
401 1556 1557
874 1551 1552
1555 1549 1536
1548 1550 1549
1512 398 1514
1537 1541 1540
1512 1513 401
1514 72 1513
1557 1555 1512
405 1549 1555
1514 398 1540
1555 1536 398
449 1556 401
1495 1484 73
401 448 449
1492 200 448
448 450 449
200 1504 450
449 362 1495
1507 792 1494
1495 362 1494
450 1508 362
1494 363 1484
1494 792 363
873 872 874
874 1552 73
73 873 874
193 1577 1564
404 873 1483
1484 363 1483
1483 873 1484
1483 1558 404
1560 101 1559
1569 1567 408
1570 101 1578
1560 857 101
1559 1558 1560
1483 519 1558
1570 1563 1559
872 873 404
404 1563 872
404 1559 1563
193 738 739
1565 103 738
1573 1564 1577
1565 738 1564
101 1570 1559
1578 1577 1570
1563 193 739
1563 1570 193
195 1567 1568
529 530 194
529 194 1573
1566 1565 194
1568 21 529
530 1566 194
1573 1568 529
1568 1567 1569
1577 195 1573
1571 855 224
1573 195 1568
1572 721 408
1578 195 1577
1578 1571 195
101 855 1578
101 857 855
1571 1572 1567
721 719 1164
195 1571 1567
1578 855 1571
866 868 867
1567 1572 408
1032 1615 145
21 1568 1569
866 867 406
408 721 1164
406 1165 1317
719 720 1165
1320 721 1572
1320 97 721
1575 1310 205
406 1317 1309
205 1301 1297
205 1309 1301
1298 1575 205
81 1576 1575
1584 875 189
866 406 1309
199 866 1310
199 868 866
1576 199 1310
867 21 1569
1575 1576 1310
1059 870 865
81 1580 1576
81 1083 1580
1581 189 1562
1580 869 176
1576 1579 199
1576 1580 1579
1579 1562 199
1059 176 870
1562 868 199
1562 189 1561
406 867 1164
868 21 867
868 1561 21
868 1562 1561
21 528 529
1561 876 528
877 875 188
877 876 875
1561 189 876
1562 1579 1581
862 860 188
861 1588 113
876 190 528
504 503 502
189 1581 1584
1579 176 1581
89 1059 865
1581 176 1059
1585 1583 451
1585 188 1583
451 1583 89
188 875 1583
1059 1584 1581
1583 875 1584
538 862 1585
125 861 862
452 215 451
452 1582 215
1589 536 1019
536 125 538
215 538 1585
215 537 538
861 125 1587
862 538 125
885 123 1587
582 581 583
113 1588 1591
861 1587 1588
860 113 504
860 861 113
1590 583 837
123 582 583
1588 1590 1591
1588 123 1590
841 1595 220
1591 1590 410
837 835 410
837 836 835
411 1592 1594
841 835 93
113 1591 503
1591 410 1592
1592 842 1594
1592 410 842
411 503 1592
504 113 503
530 502 1566
190 504 502
528 530 529
528 190 530
502 411 1566
502 503 411
411 1593 1566
1594 220 1481
219 1509 1553
1481 103 1593
1480 1481 220
1480 1482 1481
1481 1482 103
218 1554 1482
1482 1480 218
219 845 843
218 1553 1550
1480 220 1595
1480 1595 1553
220 842 841
835 841 842
845 1595 841
836 1586 93
531 532 222
93 844 845
1586 222 915
845 219 1595
843 1511 219
883 1596 532
222 1586 531
905 914 1596
222 532 1596
844 915 223
844 1586 915
905 221 914
915 222 914
904 905 51
421 846 847
846 904 1599
1637 421 901
1598 881 393
1599 904 51
881 883 882
881 51 883
1599 51 881
905 1596 51
393 882 887
883 532 413
888 887 882
879 839 887
880 879 878
53 839 879
544 543 542
879 887 412
413 888 882
412 887 888
31 886 581
542 888 886
531 533 532
886 888 413
836 531 1586
836 837 414
836 414 531
583 581 414
581 533 414
886 413 533
542 31 544
581 582 31
248 543 544
412 888 542
1613 244 1600
884 885 124
1019 124 1589
1019 1020 124
1606 884 124
1605 31 884
1610 1020 245
1610 1606 1020
1019 74 1018
537 1060 74
462 1609 1608
1609 1610 245
244 1610 1602
244 1606 1610
884 1606 1605
124 1020 1606
146 1611 1600
544 1605 1613
1602 1609 75
245 1608 1609
462 75 1609
1023 1601 75
1611 146 1612
1601 1056 146
895 1611 1612
895 248 1611
1614 1616 115
543 412 542
896 248 895
544 1613 248
896 543 248
896 878 543
1612 115 895
417 878 896
1620 880 417
879 412 878
213 889 890
891 896 895
889 891 890
417 896 891
898 889 213
417 891 889
898 1620 889
53 879 880
1057 1614 1612
890 891 115
1603 1614 147
1612 146 1057
1612 1614 115
1057 147 1614
1603 1616 1614
1003 1004 213
178 1003 1616
178 1012 1002
2 1012 1615
1011 1002 1012
145 1604 580
1615 1012 1604
1011 1012 2
1002 1003 178
214 1002 1011
214 1004 1002
1004 1619 897
897 213 1004
897 898 213
114 899 897
897 899 898
1619 114 897
898 899 418
522 3 909
114 1621 899
1618 1621 419
415 894 524
894 893 892
1621 1618 899
892 53 880
524 894 1618
838 392 840
1618 418 899
1618 894 418
417 880 878
1620 418 892
393 839 840
393 887 839
1620 892 880
418 894 892
392 838 900
53 892 893
894 415 893
900 415 908
900 838 893
840 839 838
848 391 1626
846 1599 391
1622 1623 392
391 1598 1623
416 1333 919
1626 1623 1622
392 919 1622
908 415 522
523 522 524
900 893 415
522 523 3
524 419 523
908 522 909
415 524 522
416 908 909
919 900 908
907 436 116
1333 416 754
919 908 416
1333 754 752
1313 1107 1629
1631 753 423
1027 1033 1632
67 1108 1631
917 902 1109
902 917 29
67 1629 1107
1622 1333 52
752 753 1334
1108 599 136
633 632 631
135 1638 600
1111 599 134
916 918 917
1030 459 923
917 1109 1110
1029 1039 158
847 164 902
1111 1109 902
901 902 29
164 1111 902
1627 1628 1334
164 848 1628
136 1627 1334
599 1111 1627
1308 1331 1323
1622 919 1333
391 848 846
1626 1628 848
1331 1308 420
1628 1626 52
848 847 846
848 164 847
902 901 847
1636 1543 1635
904 846 421
901 29 1639
904 903 905
1635 1543 94
903 421 1637
903 904 421
914 221 913
1639 1637 901
915 913 223
1597 1547 1545
221 1635 913
221 903 1636
913 1635 1597
1528 1544 394
221 1636 1635
903 1637 1636
94 1543 1544
1636 1637 396
1547 94 1546
1547 1597 94
1527 1529 1528
1529 399 1528
1542 394 1544
1527 1531 1525
1543 1542 1544
1530 1531 394
396 1542 1543
1640 1530 1542
1542 396 1640
1543 1636 396
396 1639 1640
396 1637 1639
916 917 165
1039 1029 1038
395 918 916
1640 1639 918
1642 1655 422
917 1110 165
1655 1657 422
1651 111 1652
1647 110 1641
110 1532 1641
1642 916 1655
1642 395 916
1530 395 1532
1640 918 395
1542 1530 394
1640 395 1530
1531 1527 394
424 1529 1527
1650 1647 1641
1526 1525 110
1642 1532 395
110 1531 1532
1652 1654 1653
1526 110 1647
1647 1646 1526
426 1650 1648
910 425 1643
910 911 425
1653 427 1645
1647 426 1646
427 1644 1645
1654 427 1653
426 1652 1653
1646 426 1653
1647 1650 426
1649 1648 1650
1649 428 1648
1662 430 1663
1663 111 1651
1648 1652 426
1648 1651 1652
1662 1634 1659
1651 428 1662
1662 1659 430
1633 1634 428
500 1314 184
1648 428 1651
1649 1657 1633
1651 1662 1663
428 1634 1662
165 1656 1655
751 1324 25
916 165 1655
1633 1657 68
1110 1638 165
1110 600 1638
1655 1656 1657
1638 1315 1656
1649 1633 428
1657 1656 68
1633 1316 1634
1314 500 1304
1633 68 1316
1656 1315 68
431 1313 1629
1312 1316 1311
1324 751 1323
1315 1313 1311
1661 1312 431
1658 1660 1659
1659 429 1658
1316 1312 429
430 1659 1660
1634 429 1659
4 1658 1661
1048 1104 1664
4 1660 1658
494 495 285
495 494 493
