0	0
0.250000000000000	0
0.500000000000000	0
0.750000000000000	0
1	0
1	0.250000000000000
1	0.500000000000000
1	0.750000000000000
1	1
0.750000000000000	1
0.500000000000000	1
0.250000000000000	1
0	1
0	0.750000000000000
0	0.500000000000000
0	0.250000000000000
0.125000000000000	0.125000000000000
0.375000000000000	0.250000000000000
0.187500000000000	0.312500000000000
0.392045258349701	0.613635775049103
0.332240570088812	0.434221710266437
0.671172982351183	0.415817544122043
0.188808457937691	0.581706894751625
0.261034340570346	0.784763433715154
0.461472896161586	0.802500899891462
0.618641192336717	0.637531640980941
0.808083999287701	0.565336885093466
0.782610870874618	0.783145350540342
0.626728603932079	0.870582938408881
0.875000000000000	0.125000000000000
0.821005763339392	0.303994236660608
0.621589665900018	0.193087918831505
0.375000000000000	0.0937500000000000
0.116185028987649	0.875000000000000
0.437500000000000	0.0468750000000000
0.375000000000000	0
0.312500000000000	0.0468750000000000
0	0.125000000000000
0.0625000000000000	0.187500000000000
0.0625000000000000	0.0625000000000000
0.187500000000000	0.0625000000000000
0.250000000000000	0.109375000000000
0.326539799460024	0.699199604382129
0.361253618365966	0.793632166803308
0.426759077255644	0.708068337470283
0.125000000000000	1
0.183092514493824	0.937500000000000
0.0580925144938244	0.937500000000000
0.156250000000000	0.218750000000000
0.281250000000000	0.281250000000000
0.250000000000000	0.187500000000000
0.748294832950009	0.159043959415753
0.812500000000000	0.0625000000000000
0.685794832950009	0.0965439594157526
0.259870285044406	0.373360855133219
0.188154228968845	0.447103447375813
0.260524514013252	0.507964302509031
0.353620285044406	0.342110855133219
0	0.875000000000000
0.0580925144938244	0.812500000000000
0.0944042289688454	0.540853447375813
0.0937500000000000	0.406250000000000
0.622684898134398	0.754057289694911
0.704669737403349	0.826864144474611
0.700626031605668	0.710338495760641
0.0937500000000000	0.281250000000000
0.125000000000000	0
0.875000000000000	0
0.937500000000000	0.0625000000000000
0.224921399254019	0.683235164233390
0.290426858143696	0.597671334900364
0.904041999643851	0.532668442546733
0.910502881669696	0.401997118330304
0.814544881313546	0.434665560877037
0.498294832950009	0.221543959415753
0.498294832950009	0.143418959415753
0.375000000000000	0.171875000000000
0.766305435437309	0.891572675270171
0.688364301966039	0.935291469204441
0.0944042289688454	0.665853447375813
0.130517170285173	0.767381716857577
0.501706776219998	0.425019627194240
0.362142914219257	0.523928742657770
0.531609120350442	0.514726659585573
0.480736448080793	0.901250449945731
0.355736448080793	0.901250449945731
0.375000000000000	1
0.875000000000000	1
0.891305435437309	0.891572675270171
0.523086491175591	0.332908772061022
0.540057044249152	0.720016270436201
0.505343225343209	0.625583708015022
0.255517170285173	0.892381716857577
0.721297714619705	0.248541077746057
0.848002881669696	0.214497118330304
0	0.625000000000000
0	0.375000000000000
0.644907087343950	0.526674592551492
0.563364301966039	0.935291469204441
0.544100750046832	0.836541919150172
0.713362595812209	0.601434263037203
0.739628490819442	0.490577214607755
0.795347435081160	0.674241117816903
0.746089372845287	0.359905890391326
0.904041999643851	0.657668442546733
1	0.625000000000000
0.891305435437309	0.766572675270171
1	0.875000000000000
0.625000000000000	1
0.910502881669696	0.276997118330304
0.937500000000000	0.187500000000000
1	0.125000000000000
1	0.375000000000000
0.646381324125600	0.304452731476774
0.625000000000000	0
0.560794832950009	0.0965439594157526
0.188609684778998	0.829881716857577
0.0652585851425866	0.758690858428789
0.112460699627009	0.716617582116695
0.0472021144844227	0.707926723687906
0.0312500000000000	0.156250000000000
0.0625000000000000	0.125000000000000
0.0312500000000000	0.0937500000000000
0.633985495012809	0.248770325154140
0.559942249425013	0.207315939123629
0.572338078537805	0.262998345446264
0.140625000000000	0.296875000000000
0.171875000000000	0.265625000000000
0.125000000000000	0.250000000000000
0.218750000000000	0.250000000000000
0.234375000000000	0.296875000000000
0.408604672121190	0.851875674918597
0.418236448080793	0.901250449945731
0.471104672121190	0.851875674918597
0.875000000000000	0.0625000000000000
0.906250000000000	0.0312500000000000
0.843750000000000	0.0312500000000000
0.250000000000000	0.0546875000000000
0.218750000000000	0.0859375000000000
0.281250000000000	0.0781250000000000
0.109375000000000	0.203125000000000
0.140625000000000	0.171875000000000
0.0937500000000000	0.156250000000000
0.437500000000000	0
0.406250000000000	0.0234375000000000
0.468750000000000	0.0234375000000000
0.529544832950009	0.119981459415753
0.499147416475005	0.0717094797078763
0.467897416475005	0.0951469797078763
0.250000000000000	0.148437500000000
0.187500000000000	0.117187500000000
0.187500000000000	0.156250000000000
0.218750000000000	0.0312500000000000
0.187500000000000	0
0.156250000000000	0.0312500000000000
0.265625000000000	0.234375000000000
0.328125000000000	0.265625000000000
0.312500000000000	0.218750000000000
0.203125000000000	0.203125000000000
0.375000000000000	0.210937500000000
0.312500000000000	0.179687500000000
0	0.562500000000000
0.0472021144844227	0.582926723687906
0.0472021144844227	0.520426723687906
0.843750000000000	0.0937500000000000
0.906250000000000	0.0937500000000000
0.223685142522203	0.342930427566609
0.187827114484423	0.379801723687906
0.224012257006626	0.410232151254516
0.466051151299426	0.666826022742652
0.483408060752398	0.714042303953242
0.522700134796180	0.672799989225612
0.224822012674672	0.807322575286366
0.195775755427760	0.776072575286366
0.159563427532085	0.798631716857577
0.427663530632202	0.383565241163729
0.512396633697794	0.378964199627631
0.438353388109999	0.337509813597120
0.530397416475005	0.0482719797078763
0.0580925144938244	0.875000000000000
0.0871387717407366	0.906250000000000
0.0871387717407366	0.843750000000000
0.461827189350071	0.564181217317338
0.448694241846455	0.619609741532063
0.518476172846825	0.570155183800298
0.239617658040693	0.589689114825995
0.275475686078474	0.552817818704698
0.224666485975471	0.544835598630328
0.584733907650596	0.318680751768898
0.597129736763387	0.374363158091533
0.658777153238392	0.360135137799409
0.561992208839963	0.631557674497981
0.579349118292934	0.678773955708571
0.742858931832365	0.425241552499540
0.708631177598235	0.387861717256685
0.705400736585312	0.453197379364899
0.754355015446684	0.637837690427053
0.801715717184430	0.619789001455185
0.760723297549955	0.583385574065334
0.586439879285590	0.420418585658142
0.907272440656773	0.467332780438518
0.952020999821925	0.516334221273366
0.955251440834848	0.450998559165152
0.431924845219627	0.474474184926005
0.446876017284849	0.519327701121672
0.516657948285220	0.469873143389907
0.436647416475005	0.118584479707876
0.406250000000000	0.0703125000000000
1	0.437500000000000
0.955251440834848	0.388498559165152
0.679134841578079	0.564054427794347
0.631774139840333	0.582103116766216
0.666001894074463	0.619482952009072
0.592897416475005	0.0482719797078763
0.562500000000000	0
0.510690662062800	0.277226365738387
0.436647416475005	0.235771979707876
0.449043245587796	0.291454386030511
0.783547568092340	0.331950063525967
0.771151738979549	0.276267657203332
0.733693543732496	0.304223484068691
0.798148857309853	0.186770538873028
0.734796273784857	0.203792518580905
0.784650298144701	0.231519098038180
0.692267789081696	0.508625903579623
0.726495543315825	0.546005738822479
0.0312500000000000	0.0312500000000000
0.0937500000000000	0.0312500000000000
0.0625000000000000	0
0	0.0625000000000000
0	0.312500000000000
0.0468750000000000	0.328125000000000
0.0468750000000000	0.265625000000000
0.0312500000000000	0.218750000000000
0.0781250000000000	0.234375000000000
0.364310142522203	0.296055427566609
0	0.187500000000000
0.156250000000000	0.0937500000000000
0.0937500000000000	0.0937500000000000
0.281250000000000	0.0234375000000000
0.343750000000000	0.0234375000000000
0.312500000000000	0
0.312500000000000	0.101562500000000
0.343750000000000	0.0703125000000000
0.559942249425013	0.168253439123629
0.498294832950009	0.182481459415753
0.436647416475005	0.196709479707876
0.436647416475005	0.157646979707876
0.591192249425014	0.144815939123629
0.312500000000000	0.140625000000000
0.375000000000000	0.132812500000000
0.224339371491049	0.477533874942422
0.260197399528829	0.440662578821125
0.0290462572469122	0.843750000000000
0.0290462572469122	0.906250000000000
0.342930427566609	0.388166282699828
0.416973673154405	0.429620668730339
0.409402167802672	0.660852056259693
0.347191742154035	0.479075226462104
0.188481343453268	0.514405171063719
0.296382542051032	0.471093006387734
0.311333714116254	0.515946522583401
0.306745285044406	0.357735855133219
0.296055427566609	0.403791282699828
0.317435142522203	0.311680427566609
0.141606343453268	0.561280171063719
0.141279228968845	0.493978447375813
0	0.437500000000000
0.0468750000000000	0.453125000000000
0.0468750000000000	0.390625000000000
0.270560142522203	0.327305427566609
0.140952114484423	0.426676723687906
0.140625000000000	0.359375000000000
0.0937500000000000	0.343750000000000
0.0940771144844227	0.473551723687906
0.0472021144844227	0.645426723687906
0.0944042289688454	0.603353447375813
0	0.687500000000000
0.141606343453268	0.623780171063719
0.377094086284479	0.568782258853437
0.219304842389499	0.914940858428789
0.222063427532085	0.861131716857577
0.185851099636411	0.883690858428789
0.159662814111432	0.674544305804601
0.206864928595855	0.632471029492508
0.0290462572469122	0.781250000000000
0	0.812500000000000
0.177719284769596	0.725308440545484
0.242977869912183	0.733999298974272
0.0943048423894988	0.789940858428789
0.120592514493824	0.937500000000000
0.149638771740737	0.906250000000000
0.125000000000000	0.0625000000000000
0.0290462572469122	0.968750000000000
0	0.937500000000000
0.0915462572469122	0.968750000000000
0.154046257246912	0.968750000000000
0.0625000000000000	1
0.187500000000000	1
0.216546257246912	0.968750000000000
0.311143979468156	0.789197800259231
0.258275755427760	0.838572575286366
0.308385394325570	0.843006941830443
0.152397356883323	0.852440858428789
0.252758585142587	0.946190858428789
0.427868224040397	0.950625224972866
0.365368224040397	0.950625224972866
0.302868224040397	0.950625224972866
0.305626809182983	0.896816083401654
0.312500000000000	1
0.581370971191775	0.737036780065556
0.542078897147992	0.778279094793187
0.583392824090615	0.795299604422541
0.553732526006436	0.885916694177306
0.512418599063813	0.868896184547952
0.522050375023416	0.918270959575086
0.490368224040397	0.950625224972866
0.437500000000000	1
0.358495033223380	0.847441308374520
0.308483328801860	0.648435469641247
0.359292528904862	0.656417689715616
0.341236058246699	0.605653554974734
0.343896708912995	0.746415885592718
0.293787070015185	0.741981519048641
0.411363257263776	0.798066533347385
0.275730599357021	0.691217384307759
0.444115986708615	0.755284618680873
0.394006347810805	0.750850252136796
0.257674128698857	0.640453249566877
0.326284886181476	0.560800038779067
0.376649438357834	0.703633970926206
0.620663045235557	0.695794465337926
0.661655464870033	0.732197892727776
0.659633611971192	0.673935068370791
0.123351099636411	0.821190858428789
0.836958153155964	0.774859012905256
0.843326435259234	0.720406896543537
0.788979152977889	0.728693234178623
0.502786823104209	0.819521409520817
0.500764970205369	0.761258585163832
0.706994313708938	0.655886379398922
0.665699170667714	0.848723541441746
0.663677317768873	0.790460717084761
0.624706751033238	0.812320114051896
0.696517019684694	0.881077806839526
0.657546452949059	0.902937203806661
0.531682150983020	0.967645734602220
0.595046452949059	0.902937203806661
0.625864301966039	0.935291469204441
0.656682150983020	0.967645734602220
0.594182150983020	0.967645734602220
0.562500000000000	1
0.585414676989456	0.853562428779527
0.758152717718655	0.945786337635085
0.727334868701674	0.913432072237306
0.719182150983020	0.967645734602220
0.702647884504508	0.768601320117626
0.743640304138983	0.805004747507476
0.741618451240143	0.746741923150491
0.735487586420329	0.859218409872391
0.687500000000000	1
0.856062999465776	0.549002663820099
0.859293440478699	0.483667001711885
0.811314440300624	0.500001222985251
0.820652717718655	0.945786337635085
0.812500000000000	1
0.828805435437309	0.891572675270171
0.883152717718655	0.945786337635085
0.937500000000000	1
0.945652717718655	0.945786337635085
0.774458153155964	0.837359012905256
0.945652717718655	0.883286337635085
1	0.937500000000000
0.747986733343414	0.692289806788772
0.945652717718655	0.820786337635085
0.891305435437309	0.829072675270171
0.836958153155964	0.837359012905256
0.897673717540580	0.712120558908452
0.849694717362505	0.665954780181818
1	0.812500000000000
0.945652717718655	0.758286337635085
0.856062999465776	0.611502663820099
0.952020999821925	0.641334221273366
0.952020999821925	0.578834221273366
0.904041999643851	0.595168442546733
0.952020999821925	0.703834221273366
1	0.687500000000000
0.910502881669696	0.339497118330304
0.955251440834848	0.325998559165152
0.955251440834848	0.263498559165152
1	0.312500000000000
0.780397416475005	0.110771979707876
0.749147416475005	0.0795219797078763
0.717044832950009	0.127793959415753
0.892751440834848	0.200998559165152
0.906250000000000	0.156250000000000
0.861501440834848	0.169748559165152
0.865754322504544	0.290495677495456
0.865754322504544	0.352995677495456
0.879252881669696	0.245747118330304
0.834504322504544	0.259245677495456
0.862523881491621	0.418331339603670
1	0.562500000000000
0.780317127079417	0.397285725634181
0.777086686066494	0.462621387742396
0.817775322326469	0.369329898768822
0.601391051350812	0.465272101853808
0.773856245053571	0.527957049850610
0.658040034847566	0.471246068336768
0.588258103847196	0.520700626068533
0.683839519372653	0.276496904611416
0.696235348485444	0.332179310934050
0.653692249425014	0.144815939123629
0.684942249425014	0.176065939123629
0.671443690259861	0.220814498288781
0.717897416475005	0.0482719797078763
0.781250000000000	0.0312500000000000
0.623294832950009	0.0965439594157526
0.655397416475005	0.0482719797078763
0.687500000000000	0
0.575125156343579	0.576129150283257
0.811647416475005	0.142021979707876
0.937500000000000	0.125000000000000
0.812500000000000	0
0.924001440834848	0.232248559165152
0.968750000000000	0.218750000000000
0.968750000000000	0.156250000000000
1	0.187500000000000
0.968750000000000	0.0937500000000000
0.968750000000000	0.0312500000000000
1	0.0625000000000000
0.937500000000000	0
0.375000000000000	0.0468750000000000
0.402684802537291	0.774458392742090
0.427739621986196	0.776675576014129
0.419061167259710	0.753067435408834
0.206715848726835	0.818602146071972
0.205336556155542	0.845506716857577
0.223442720103379	0.834227146071972
0.136061756869221	0.695580943960648
0.145089992198303	0.720963011331089
0.168691049440514	0.699926373175042
0.600006081764246	0.687284210523248
0.619652118786137	0.666663053159433
0.598995155314825	0.658152798344756
0.641705377457549	0.919114336505551
0.626296452949059	0.902937203806661
0.610455377457549	0.919114336505551
0.884898161074197	0.442832060021094
0.860908660985160	0.450999170657778
0.883282940567736	0.475499891075202
0.516888576619196	0.305067568899705
0.479866953825298	0.284340375884449
0.486064868381693	0.312181579045766
0.0708031717266341	0.530640085531860
0.0942406717266341	0.507202585531860
0.0706396144844227	0.496989223687906
0.109375000000000	0.140625000000000
0.117187500000000	0.164062500000000
0.132812500000000	0.148437500000000
0.467471124712507	0.131001719561814
0.436647416475005	0.138115729707876
0.467471124712507	0.150532969561814
0.0625000000000000	0.250000000000000
0.0703125000000000	0.273437500000000
0.0859375000000000	0.257812500000000
0.0888596423847980	0.737654220272742
0.0978878777138799	0.763036287643183
0.121488934956091	0.741999649487136
0.117351057242211	0.416463361843953
0.0939135572422114	0.439900861843953
0.117514614484423	0.450114223687906
0.0703125000000000	0.210937500000000
0.0468750000000000	0.203125000000000
0.0546875000000000	0.226562500000000
0.283307785044406	0.365548355133219
0.288652713783305	0.342520641349914
0.265215213783305	0.350333141349914
0.0468750000000000	0.421875000000000
0.0703125000000000	0.429687500000000
0.0703125000000000	0.398437500000000
0.206083242987736	0.428667799315164
0.206246800229947	0.462318661159117
0.224175814248837	0.443883013098469
0.0236010572422114	0.541463361843953
0.0236010572422114	0.572713361843953
0.0472021144844227	0.551676723687906
0.307684112020198	0.975312612486433
0.276434112020198	0.975312612486433
0.281250000000000	1
0.0326292925712933	0.754345429214394
0.0562303498135047	0.733308791058348
0.0236010572422114	0.728963361843953
0	0.781250000000000
0.0145231286234561	0.796875000000000
0.0145231286234561	0.765625000000000
0.135115643117281	0.921875000000000
0.151842514493824	0.937500000000000
0.166365643117281	0.921875000000000
0.483585207346640	0.594882462666180
0.490151681098448	0.567168200558818
0.455260715598263	0.591895479424700
0.677506250861918	0.346157224366729
0.671308336305522	0.318316021205412
0.652579238681996	0.332293934638092
0.533075562535124	0.877406439362629
0.517234487043615	0.893583572061519
0.537891450514926	0.902093826876196
0.604049787561927	0.803809859237219
0.623695824583818	0.783188701873403
0.603038861112506	0.774678447058726
0.977625720417424	0.319249279582576
0.977625720417424	0.350499279582576
1	0.343750000000000
0.762114661057381	0.764943636845416
0.785795011926254	0.755919292359482
0.765298802109016	0.737717578664557
0.790970122170636	0.546646967472038
0.809699219794162	0.532669054039358
0.792585342677098	0.513979136417931
0.955251440834848	0.294748559165152
0.977625720417424	0.287999279582576
0.733948708237502	0.0241359898539382
0.718750000000000	0
0.702698708237502	0.0241359898539382
0.343750000000000	0.234375000000000
0.320312500000000	0.242187500000000
0.351562500000000	0.257812500000000
0.664975067794787	0.387976340960726
0.689902079974709	0.401839630689364
0.683704165418313	0.373998427528047
0.703119982022359	0.212303508434843
0.709869261604935	0.189929228852267
0.678192969842437	0.198440218706205
0.405823708237502	0.125698489853938
0.405823708237502	0.145229739853938
0.535316455743907	0.242271152431008
0.504492747506405	0.249385162577070
0.541514370300302	0.270112355592325
0.872503602087120	0.268121397912880
0.856878602087120	0.252496397912880
0.850129322504544	0.274870677495456
0.637640957662516	0.168951928977567
0.622442249425014	0.144815939123629
0.606390957662516	0.168951928977567
0.250000000000000	0.167968750000000
0.281250000000000	0.183593750000000
0.281250000000000	0.164062500000000
0.0468750000000000	0.140625000000000
0.0468750000000000	0.171875000000000
0.0625000000000000	0.156250000000000
0.0234375000000000	0.289062500000000
0.0234375000000000	0.320312500000000
0.0468750000000000	0.296875000000000
0.187500000000000	0.0898437500000000
0.203125000000000	0.0742187500000000
0.171875000000000	0.0781250000000000
0.226562500000000	0.273437500000000
0.250000000000000	0.265625000000000
0.242187500000000	0.242187500000000
0.312500000000000	0.0742187500000000
0.328125000000000	0.0585937500000000
0.296875000000000	0.0625000000000000
0.437500000000000	0.0234375000000000
0.421875000000000	0.0351562500000000
0.453125000000000	0.0351562500000000
0.390625000000000	0.0820312500000000
0.405823708237502	0.106167239853938
0.421448708237502	0.0944484898539382
0.375000000000000	0.0234375000000000
0.359375000000000	0.0351562500000000
0.390625000000000	0.0351562500000000
0.171875000000000	0.187500000000000
0.148437500000000	0.195312500000000
0.179687500000000	0.210937500000000
0.343750000000000	0.0468750000000000
0.328125000000000	0.0351562500000000
0.375000000000000	0.230468750000000
0.343750000000000	0.214843750000000
0.468323708237502	0.0592922398539382
0.483948708237502	0.0475734898539382
0.646516678079940	0.206951208560143
0.627787580456414	0.220929121992823
0.652714592636335	0.234792411721460
0.343750000000000	0.195312500000000
0.375000000000000	0.191406250000000
0.343750000000000	0.175781250000000
0.343750000000000	0.117187500000000
0.375000000000000	0.113281250000000
0.343750000000000	0.0976562500000000
0.343750000000000	0.136718750000000
0.343750000000000	0.156250000000000
0.375000000000000	0.152343750000000
0.437073708237502	0.0827297398539382
0.452272416475005	0.106865729707876
0.257812500000000	0.210937500000000
0.289062500000000	0.226562500000000
0.281250000000000	0.203125000000000
0.875000000000000	0.0312500000000000
0.859375000000000	0.0468750000000000
0.890625000000000	0.0468750000000000
0.348275356305508	0.365138568916523
0.385296979099406	0.385865761931779
0.390641907838304	0.362838048148474
0.369655071261102	0.273027713783305
0.406676694054999	0.293754906798560
0.412021622793898	0.270727193015255
0.401331765316101	0.316782620581865
0.443698316848897	0.314482099813816
0.771667084212287	0.683265462302838
0.774851225263922	0.656039404121978
0.751170874395049	0.665063748607913
0.164226057242211	0.369588361843953
0.187663557242211	0.346150861843953
0.164062500000000	0.335937500000000
0.299342571261102	0.296465213783305
0.322780071261102	0.288652713783305
0.304687500000000	0.273437500000000
0.117678171726634	0.483765085531860
0.141115671726634	0.460327585531860
0.241777713783305	0.358145641349914
0.247122642522203	0.335117927566609
0.165043843453268	0.537842671063719
0.164880286211057	0.504191809219766
0.141442786211057	0.527629309219766
0.0234375000000000	0.382812500000000
0.0468750000000000	0.359375000000000
0.0234375000000000	0.351562500000000
0.164553171726634	0.436890085531860
0.187990671726634	0.413452585531860
0.164389614484423	0.403239223687906
0.0290462572469122	0.875000000000000
0.0145231286234561	0.859375000000000
0.0145231286234561	0.890625000000000
0.164716728968845	0.470540947375813
0.206737471956581	0.563271246690977
0.214213057989192	0.585698004788810
0.232142072008082	0.567262356728162
0.0234375000000000	0.476562500000000
0.0234375000000000	0.445312500000000
0	0.468750000000000
0.0236010572422114	0.510213361843953
0.0470385572422114	0.486775861843953
0.117187500000000	0.351562500000000
0.140625000000000	0.328125000000000
0.117187500000000	0.320312500000000
0.118005286211057	0.644816809219766
0.118005286211057	0.613566809219766
0.0944042289688454	0.634603447375813
0	0.531250000000000
0.118005286211057	0.551066809219766
0.117841728968845	0.517415947375813
0.379952050360507	0.408893475715083
0.422318601893303	0.406592954947034
0.301135199408523	0.695208494344944
0.284758834686103	0.716599451678200
0.310163434737604	0.720590561715385
0.374607121621609	0.431921189498388
0.337585498827711	0.411193996483132
0.477018733594832	0.622596724773542
0.511909699095017	0.597869445907660
0.0708031717266341	0.686890085531860
0.0708031717266341	0.655640085531860
0.0472021144844227	0.676676723687906
0.177669591479923	0.787352146071972
0.163146462856467	0.771727146071972
0.145040298908629	0.783006716857577
0.125000000000000	0.0312500000000000
0.109375000000000	0.0468750000000000
0.140625000000000	0.0468750000000000
0.0616755498182055	0.785595429214394
0.0797817137660427	0.774315858428789
0.0471524211947494	0.769970429214394
0.0312500000000000	1
0.0457731286234561	0.984375000000000
0.0145231286234561	0.984375000000000
0.202577971012955	0.899315858428789
0.184471807065118	0.910595429214394
0.201198678441662	0.926220429214394
0.156250000000000	1
0.170773128623456	0.984375000000000
0.139523128623456	0.984375000000000
0.105244935688574	0.832470429214394
0.108827971012955	0.805565858428789
0.0907218070651177	0.816845429214394
0.169124228259867	0.868065858428789
0.151018064312030	0.879345429214394
0.167744935688574	0.894970429214394
0.126934134960792	0.794286287643183
0.112411006337336	0.778661287643183
0.118388771740737	0.906250000000000
0.103865643117281	0.921875000000000
0.281951282305372	0.867694329344010
0.283330574876665	0.840789758558404
0.256896462856467	0.865477146071972
0.266702364027939	0.665835316937318
0.241297763976438	0.661844206900134
0.250325999305520	0.687226274270575
0.236031713766043	0.930565858428789
0.254137877713880	0.919286287643183
0.237411006337336	0.903661287643183
0.435437531982129	0.731676478075578
0.410382712533224	0.729459294803539
0.463934112020198	0.975312612486433
0.459118224040397	0.950625224972866
0.432684112020198	0.975312612486433
0.333440213774475	0.845224125102481
0.307006101754276	0.869911512616048
0.332060921203181	0.872128695888087
0.277813404591492	0.948408041700827
0.251379292571293	0.973095429214394
0.486945747612700	0.835698542219707
0.482129859632898	0.811011154706140
0.466288784141388	0.827188287405030
0.201320342011807	0.704271802389437
0.192292106682725	0.678889735018996
0.302465524741671	0.765589659653936
0.327520344190576	0.767806842925975
0.318841889464090	0.744198702320680
0.623149069347381	0.495973347202650
0.616582595595573	0.523687609310012
0.651473561095758	0.498960330444130
0.233949634583101	0.708617231603831
0.210348577340889	0.729653869759878
0.286089160019251	0.786980616987193
0.259655047999053	0.811668004500760
0.284709867447958	0.813885187772799
0.315831458195197	0.601662444937549
0.299455093472778	0.623053402270805
0.324859693524279	0.627044512307990
0.259354234634602	0.712608341641016
0.339716156121424	0.456648468364270
0.382082707654220	0.454347947596221
0.268382469963684	0.737990409011457
0.360273073635414	0.725024928259462
0.368951528361900	0.748633068864757
0.385327893084319	0.727242111531501
0.763203249962352	0.378595808012753
0.744474152338826	0.392573721445433
0.761588029455891	0.411263639066861
0.531378589522666	0.696408129830907
0.559703081271043	0.699395113072386
0.551024626544557	0.675786972467091
0.274050493421277	0.619062292233621
0.283078728750359	0.644444359604062
0.426936223849886	0.588908496183221
0.420369750098078	0.616622758290583
0.828889358325103	0.615645832637642
0.832073499376738	0.588419774456782
0.804899858236066	0.592562943274325
0.570670663566449	0.655165815103276
0.590316700588340	0.634544657739461
0.812500000000000	0.0312500000000000
0.828125000000000	0.0156250000000000
0.796875000000000	0.0156250000000000
0.472440478456992	0.758271601922352
0.452794441435101	0.778892759286167
0.481118933183478	0.781879742527647
0.503054097774289	0.693421146589427
0.511732552500775	0.717029287194722
0.360552336060595	0.925937837459298
0.391802336060595	0.925937837459298
0.386986448080793	0.901250449945731
0.522432860126101	0.798900252157002
0.523443786575521	0.828031664335494
0.543089823597412	0.807410506971679
0.491761635592501	0.860385929733274
0.507602711084011	0.844208797034384
0.334819506345768	0.818319554316875
0.336198798917061	0.791414983531270
0.309764686896863	0.816102371044837
0.495184112020198	0.975312612486433
0.468750000000000	1
0.785326358859327	0.972893168817543
0.754076358859327	0.972893168817543
0.781250000000000	1
0.515841075491510	0.983822867301110
0.511025187511708	0.959135479787543
0.584403750540035	0.824431016601034
0.605060714011347	0.832941271415711
0.672091075491510	0.983822867301110
0.640841075491510	0.983822867301110
0.656250000000000	1
0.662666391319453	0.761329304906269
0.683162601136691	0.779531018601194
0.682151674687270	0.750399606422701
0.672955377457549	0.919114336505551
0.657114301966039	0.935291469204441
0.700593378544021	0.853970975657069
0.716002303052511	0.870148108355959
0.720078661911839	0.843041277173501
0.832073499376738	0.557169774456782
0.833688719883200	0.524501943402675
0.851902717718655	0.945786337635085
0.847826358859327	0.972893168817543
0.879076358859327	0.972893168817543
0.759049228647474	0.821181880206366
0.778534512015291	0.810252181722799
0.763125587506801	0.794075049023909
0.972826358859327	0.941643168817543
0.972826358859327	0.972893168817543
1	0.968750000000000
0.941576358859327	0.972893168817543
0.968750000000000	1
0.870500076399907	0.716263727725994
0.873684217451543	0.689037669545135
0.846510576310870	0.693180838362678
0.742629377689563	0.775873335328984
0.560714007720463	0.728526525250879
0.541067970698572	0.749147682614694
0.561724934169883	0.757657937429371
0.724306382474541	0.701314151274707
0.721122241422905	0.728540209455566
0.744802592291778	0.719515864969632
0.648888016957398	0.600793034387644
0.672568367826271	0.591768689901710
0.655454490709206	0.573078772280282
0.864131794296636	0.864465844087713
0.891305435437309	0.860322675270171
0.864131794296636	0.833215844087713
0.768482943160651	0.710491520483697
0.792163294029524	0.701467175997763
0.918479076577982	0.793679506452628
0.945652717718655	0.789536337635085
0.918479076577982	0.762429506452628
0.798531576132795	0.647015059636044
0.778035366315557	0.628813345941119
0.928031499732888	0.587001331910050
0.928031499732888	0.555751331910050
0.904041999643851	0.563918442546733
0.819336935170197	0.697324007180220
0.816152794118562	0.724550065361080
0.976010499910963	0.508167110636683
0.977625720417424	0.475499279582576
0.953636220328387	0.483666390219259
0.702568616996179	0.262518991178736
0.696370702439783	0.234677788017419
0.677641604816257	0.248655701450098
0.717471124712507	0.0880329695618145
0.701419832950009	0.112168959415753
0.733096124712507	0.103657969561814
0.727495629176101	0.276382280907374
0.708766531552574	0.290360194340053
0.777901018562125	0.253893377620756
0.752974006382203	0.240030087892118
0.746224726799627	0.262404367474694
0.796022416475005	0.126396979707876
0.827698708237502	0.117885989853938
0.812073708237502	0.102260989853938
0.932877161252272	0.332747838747728
0.932877161252272	0.363997838747728
0.955251440834848	0.357248559165152
0.743609420432890	0.564695656443907
0.767289771301763	0.555671311957972
0.750175894184698	0.536981394336544
0.715948139950569	0.499601559093689
0.709381666198760	0.527315821201051
0.733062017067633	0.518291476715117
0.638340613592141	0.554388854658854
0.662020964461014	0.545364510172920
0.615557615888098	0.311566741622836
0.609359701331703	0.283725538461519
0.578535993094200	0.290839548607581
0.485697188321318	0.646204865378837
0.457372696572941	0.643217882137358
0.480719939642795	0.335209292829071
0.593915465318201	0.442845343755975
0.636282016850998	0.440544822987926
0.628806430818386	0.418118064890093
0.470030082164998	0.381264720395680
0.475375010903897	0.358237006612376
0.433008459371100	0.360537527380425
0.778701906572956	0.429953556688288
0.795815783690020	0.448643474309716
0.797431004196482	0.415975643255609
0.590931822206991	0.346521954930215
0.627953445000889	0.367249147945471
0.621755530444494	0.339407944784154
0.638493541187511	0.120679949269691
0.669743541187511	0.120679949269691
0.654544832950009	0.0965439594157526
0.732669832950009	0.143418959415753
0.700993541187511	0.151929949269691
0.716618541187511	0.167554949269691
0.590765957662516	0.200201928977567
0.596963872218911	0.228043132138884
0.653265957662516	0.184576928977567
0.685368541187511	0.136304949269691
0.669317249425014	0.160440939123629
0.608096124712507	0.0724079695618145
0.576846124712507	0.0724079695618145
0.592044832950009	0.0965439594157526
0.670596124712507	0.0724079695618145
0.701846124712507	0.0724079695618145
0.686647416475005	0.0482719797078763
0.575993541187511	0.120679949269691
0.607243541187511	0.120679949269691
0.608948708237502	0.0241359898539382
0.624147416475005	0.0482719797078763
0.640198708237502	0.0241359898539382
0.733522416475005	0.0638969797078763
0.843323708237502	0.133510989853938
0.859375000000000	0.109375000000000
0.804898136892429	0.164396259290452
0.779971124712507	0.150532969561814
0.773221845129931	0.172907249144390
0.192192720103379	0.802977146071972
0.174086556155542	0.814256716857577
0.749573708237502	0.0397609898539382
0.765625000000000	0.0156250000000000
0.962000720417424	0.241124279582576
0.946375720417424	0.225499279582576
0.939626440834848	0.247873559165152
0.791399577727277	0.209144818455604
0.766472565547355	0.195281528726966
0.759723285964779	0.217655808309542
0.906250000000000	0.125000000000000
0.890625000000000	0.109375000000000
0.890625000000000	0.140625000000000
0.765198708237502	0.0553859898539382
0.210298884051216	0.791697575286366
0.187500000000000	0.136718750000000
0.156250000000000	0.121093750000000
0.156250000000000	0.140625000000000
0.0156250000000000	0.0156250000000000
0.0468750000000000	0.0156250000000000
0.0312500000000000	0
0	0.156250000000000
0.0156250000000000	0.171875000000000
0.0156250000000000	0.140625000000000
0.312500000000000	0.0234375000000000
0.328125000000000	0.0117187500000000
0.296875000000000	0.0117187500000000
0.0312500000000000	0.0625000000000000
0.0468750000000000	0.0781250000000000
0.0468750000000000	0.0468750000000000
0	0.0312500000000000
0.0156250000000000	0.0468750000000000
0.0156250000000000	0.0781250000000000
0.0468750000000000	0.109375000000000
0.0312500000000000	0.125000000000000
0.0156250000000000	0.109375000000000
0	0.0937500000000000
0.0312500000000000	0.187500000000000
0.0625000000000000	0.0937500000000000
0.0781250000000000	0.109375000000000
0.0781250000000000	0.0781250000000000
0.0781250000000000	0.171875000000000
0.0859375000000000	0.195312500000000
0.101562500000000	0.179687500000000
0.218750000000000	0.132812500000000
0.250000000000000	0.128906250000000
0.218750000000000	0.113281250000000
0.0781250000000000	0.140625000000000
0.0937500000000000	0.125000000000000
0.0781250000000000	0.0156250000000000
0.109375000000000	0.0156250000000000
0.0937500000000000	0
0.250000000000000	0.0273437500000000
0.234375000000000	0.0429687500000000
0.265625000000000	0.0390625000000000
0.171875000000000	0.105468750000000
0.203125000000000	0.101562500000000
0.109375000000000	0.109375000000000
0.119768064312030	0.848095429214394
0.101661900364193	0.859375000000000
0.134291192935486	0.863720429214394
0.0435693858703683	0.890625000000000
0.0435693858703683	0.859375000000000
0.140625000000000	0.109375000000000
0.140625000000000	0.0781250000000000
0.156250000000000	0.0625000000000000
0.296875000000000	0.250000000000000
0.273437500000000	0.257812500000000
0.218750000000000	0.0585937500000000
0.234375000000000	0.0703125000000000
0.281250000000000	0.144531250000000
0.312500000000000	0.160156250000000
0.171875000000000	0.0468750000000000
0.296875000000000	0.0351562500000000
0.137874228259867	0.836815858428789
0.0937500000000000	0.0625000000000000
0.0781250000000000	0.0468750000000000
0.0290462572469122	0.937500000000000
0.0145231286234561	0.921875000000000
0.0145231286234561	0.953125000000000
0.109375000000000	0.0781250000000000
0.0435693858703683	0.953125000000000
0.0435693858703683	0.921875000000000
0.156250000000000	0
0.140625000000000	0.0156250000000000
0.171875000000000	0.0156250000000000
0.359375000000000	0.0585937500000000
0.281250000000000	0.0507812500000000
0.218750000000000	0
0.203125000000000	0.0156250000000000
0.234375000000000	0.0156250000000000
0.281250000000000	0
0.265625000000000	0.0117187500000000
0.187500000000000	0.0312500000000000
0.296875000000000	0.0898437500000000
0.328125000000000	0.0859375000000000
0.546448708237502	0.0241359898539382
0.561647416475005	0.0482719797078763
0.577698708237502	0.0241359898539382
0.343750000000000	0
0.359375000000000	0.0117187500000000
0.390625000000000	0.0585937500000000
0.406250000000000	0.0468750000000000
0.421875000000000	0.0585937500000000
0.452698708237502	0.0710109898539382
0.531250000000000	0
0.515198708237502	0.0241359898539382
0.406250000000000	0
0.390625000000000	0.0117187500000000
0.421875000000000	0.0117187500000000
0.203125000000000	0.0468750000000000
0.312500000000000	0.121093750000000
0.498294832950009	0.202012709415753
0.529118541187511	0.214429949269691
0.529118541187511	0.194898699269691
0.405823708237502	0.203823489853938
0.405823708237502	0.184292239853938
0.483096124712507	0.119282969561814
0.281250000000000	0.125000000000000
0.359375000000000	0.0820312500000000
0.405823708237502	0.164760989853938
0.265625000000000	0.0937500000000000
0.281250000000000	0.105468750000000
0.195312500000000	0.179687500000000
0.164062500000000	0.164062500000000
0.265625000000000	0.0664062500000000
0.453125000000000	0.0117187500000000
0.234375000000000	0.0976562500000000
0.312500000000000	0.199218750000000
0.218750000000000	0.152343750000000
0.234375000000000	0.218750000000000
0.210937500000000	0.226562500000000
0.218750000000000	0.171875000000000
0.226562500000000	0.195312500000000
0.109375000000000	0.265625000000000
0.101562500000000	0.242187500000000
0.312090213783305	0.334708141349914
0.293997642522203	0.319492927566609
0.252467571261102	0.312090213783305
0.229030071261102	0.319902713783305
0.340872642522203	0.303867927566609
0.346217571261102	0.280840213783305
0.210937500000000	0.304687500000000
0.205592571261102	0.327715213783305
0.324837856305508	0.372951068916523
0.330182785044406	0.349923355133219
0.275905071261102	0.304277713783305
0.436647416475005	0.177178229707876
0.405823708237502	0.223354739853938
0.436647416475005	0.216240729707876
0.498721124712507	0.107564219561814
0.514346124712507	0.0958454695618145
0.483522416475005	0.0834282297078763
0.517741562436693	0.355936485844326
0.467471124712507	0.228657969561814
0.467471124712507	0.209126719561814
0.335527713783305	0.326895641349914
0.358965213783305	0.319083141349914
0.405823708237502	0.242885989853938
0.442845331031400	0.263613182869194
0.466815810719812	0.449746906060123
0.459340224687201	0.427320147962289
0.424449259187016	0.452047426828172
0.296218984808821	0.437442144543781
0.278126413547719	0.422226930760476
0.278289970789930	0.455877792604430
0.395986836577202	0.339810334365169
0.514021680069695	0.649191848620317
0.494375643047803	0.669813005984132
0.282951272111085	0.575244576802531
0.257546672059584	0.571253466765346
0.265022258092195	0.593680224863180
0.333760472214087	0.583226796876901
0.308355872162586	0.579235686839716
0.242104828267727	0.425447365037820
0.260033842286618	0.407011716977172
0.241941271025516	0.391796503193867
0.464685153426100	0.404292434178985
0.389558293686831	0.476774705694054
0.268000100045863	0.530391060606865
0.293404700097364	0.534382170644049
0.285929114064753	0.511955412546216
0.242268385509939	0.459098226881773
0.319492927566609	0.395978782699828
0.314147998827711	0.419006496483132
0.301400356305508	0.380763568916523
0.223848699764414	0.376581289410562
0.277962856305508	0.388576068916523
0.278453528032142	0.489528654448383
0.260360956771040	0.474313440665078
0.314311556069922	0.452657358327086
0.205919685745524	0.395016937471211
0.205756128503313	0.361366075627258
0.140788557242211	0.393025861843953
0.0937500000000000	0.312500000000000
0.117187500000000	0.289062500000000
0.132812500000000	0.273437500000000
0.164062500000000	0.304687500000000
0.179687500000000	0.289062500000000
0.156250000000000	0.281250000000000
0.257812500000000	0.289062500000000
0.890625000000000	0.0156250000000000
0.859375000000000	0.0156250000000000
0.875000000000000	0.0937500000000000
0.890625000000000	0.0781250000000000
0.859375000000000	0.0781250000000000
0.125000000000000	0.187500000000000
0.132812500000000	0.210937500000000
0.187500000000000	0.234375000000000
0.195312500000000	0.257812500000000
0.148437500000000	0.257812500000000
0.164062500000000	0.242187500000000
0.140625000000000	0.234375000000000
0.117187500000000	0.226562500000000
0.0937500000000000	0.218750000000000
0	0.281250000000000
0.0234375000000000	0.257812500000000
0.0156250000000000	0.203125000000000
0.0156250000000000	0.234375000000000
0	0.218750000000000
0.0390625000000000	0.242187500000000
0.0703125000000000	0.304687500000000
0	0.343750000000000
0.0703125000000000	0.367187500000000
0.0703125000000000	0.335937500000000
0.0704760572422114	0.463338361843953
0.117187500000000	0.382812500000000
0.0937500000000000	0.375000000000000
0	0.406250000000000
0.0234375000000000	0.414062500000000
0	0.593750000000000
0.0236010572422114	0.603963361843953
0.0236010572422114	0.635213361843953
0.0472021144844227	0.614176723687906
0	0.656250000000000
0.0236010572422114	0.666463361843953
0.0708031717266341	0.561890085531860
0.0708031717266341	0.593140085531860
0.0944042289688454	0.572103447375813
0.118005286211057	0.582316809219766
0.141606343453268	0.592530171063719
0.0708031717266341	0.624390085531860
0.206410357472158	0.495969523003071
0.188317786211057	0.480754309219766
0.224502928733260	0.511184736786375
0.206573914714370	0.529620384847024
0.188644900695479	0.548056032907672
0.174235636024561	0.628125600278113
0.197836693266773	0.607088962122067
0.165207400695479	0.602743532907672
0.165207400695479	0.571493532907672
0.150634578782350	0.649162238434160
0.183263871353643	0.653507667648554
0.127033521540139	0.670198876590207
0.103432464297927	0.691235514746254
0.252006105241265	0.759381366344713
0.219376812669971	0.755035937130319
0.228405047999053	0.780418004500760
0.629715543099189	0.468259085095288
0.594824577599004	0.492986363961171
0.215893163924937	0.657853096862949
0.154118227527385	0.746345078701530
0.277410705292766	0.763372476381898
0.338934112020198	0.975312612486433
0.334118224040397	0.950625224972866
0.186747520098678	0.750690507915925
0.187230392207704	0.856786287643183
0.170503520831160	0.841161287643183
0.0871387717407366	0.875000000000000
0.0726156431172805	0.859375000000000
0.0726156431172805	0.890625000000000
0.0798314070557160	0.712272152902301
0.0236010572422114	0.697713361843953
0	0.718750000000000
0.0290462572469122	0.812500000000000
0.0435693858703683	0.828125000000000
0.0435693858703683	0.796875000000000
0.0761986784416616	0.801220429214394
0.0726156431172805	0.828125000000000
0.0580925144938244	0.843750000000000
0.132911900364193	0.890625000000000
0.101661900364193	0.890625000000000
0	0.968750000000000
0.0726156431172805	0.921875000000000
0.0580925144938244	0.906250000000000
0	0.843750000000000
0.0145231286234561	0.828125000000000
0	0.906250000000000
0.0748193858703683	0.953125000000000
0.0602962572469122	0.968750000000000
0.125000000000000	0.0937500000000000
0.0770231286234561	0.984375000000000
0.0937500000000000	1
0.108273128623456	0.984375000000000
0.0893425144938244	0.937500000000000
0.137319385870368	0.953125000000000
0.168569385870368	0.953125000000000
0.106069385870368	0.953125000000000
0.122796257246912	0.968750000000000
0.202023128623456	0.984375000000000
0.185296257246912	0.968750000000000
0.199819385870368	0.953125000000000
0.217925549818206	0.941845429214394
0.218750000000000	1
0.233273128623456	0.984375000000000
0.234652421194749	0.957470429214394
0.220684134960792	0.888036287643183
0.203957263584248	0.872411287643183
0.141457263584248	0.809911287643183
0.155980392207704	0.825536287643183
0.280571989734078	0.894598900129616
0.242928176622509	0.796043004500760
0.351594618908929	0.701416787654167
0.335218254186509	0.722807744987424
0.377629983088386	0.772241209470052
0.386308437814871	0.795849350075347
0.413420560100991	0.876563062432164
0.382170560100991	0.876563062432164
0.330681628631888	0.899033266673693
0.357115740652086	0.874345879160125
0.241548884051216	0.822947575286366
0.240169591479923	0.849852146071972
0.352575163639481	0.770024026198013
0.238790298908629	0.876756716857577
0.279192697162785	0.921503470915221
0.343750000000000	1
0.370184112020198	0.975312612486433
0.304247516611690	0.923720654187260
0.329302336060595	0.925937837459298
0.383549852672285	0.849658491646558
0.359874325794673	0.820536737588914
0.401434112020198	0.975312612486433
0.406250000000000	1
0.396618224040397	0.950625224972866
0.475920560100991	0.876563062432164
0.444670560100991	0.876563062432164
0.449486448080793	0.901250449945731
0.423052336060595	0.925937837459298
0.454302336060595	0.925937837459298
0.439854672121190	0.851875674918597
0.496577523572303	0.885073317246841
0.485552336060595	0.925937837459298
0.501775896654789	0.790389997342324
0.435038784141388	0.827188287405030
0.409983964692483	0.824971104132991
0.436418076712681	0.800283716619424
0.384929145243578	0.822753920860952
0.463762023730506	0.734663461317057
0.455083569004021	0.711055320711763
0.492086515478883	0.737650444558537
0.446405114277535	0.687447180106468
0.474729606025912	0.690434163347947
0.367970983631348	0.680025830320911
0.342916164182443	0.677808647048872
0.454351603317460	0.541754459219505
0.411985051784664	0.544054979987554
0.419460637817275	0.566481738085388
0.418080622529158	0.684460196864988
0.393025803080253	0.682243013592949
0.401704257806739	0.705851154198244
0.384569672317090	0.591209016951270
0.429048204824564	0.640230898895878
0.437726659551049	0.663839039501173
0.366640658298200	0.609644665011919
0.350264293575781	0.631035622345175
0.375668893627282	0.635026732382360
0.400723713076187	0.637243915654398
0.333887928853361	0.652426579678431
0.317511564130942	0.673817537011688
0.232269528647356	0.636462139529692
0.292106964079441	0.669826426974503
0.248645893369775	0.615071182196436
0.223241293318274	0.611080072159251
0.318809300148865	0.538373280681234
0.300880286129975	0.556808928741883
0.384347348353767	0.658634872987655
0.250071086026973	0.548826708667513
0.242595499994361	0.526399950569680
0.242431942752150	0.492749088725727
0.303858128083643	0.493519764485567
0.321787142102533	0.475084116424919
0.369618500251868	0.546355500755603
0.404509465752053	0.521628221889721
0.351689486232978	0.564791148816252
0.344213900200367	0.542364390718419
0.329262728135144	0.497510874522752
0.354667328186646	0.501501984559937
0.336738314167755	0.519937632620585
0.359165072265589	0.587217906914085
0.397033879719442	0.499201463791888
0.439400431252238	0.496900943023838
0.481766982785034	0.494600422255789
0.474291396752423	0.472173664157956
0.533667717091586	0.628570691256502
0.542346171818072	0.652178831861797
0.524133534317831	0.492299901487740
0.489242568817646	0.517027180353623
0.0625000000000000	0.0312500000000000
0.496718154850257	0.539453938451456
0.610016121843765	0.551401871417375
0.540234190843394	0.600856429149139
0.546800664595202	0.573142167041777
0.568558682591771	0.603843412390619
0.559024499818016	0.467572622621858
0.551548913785405	0.445145864524024
0.937500000000000	0.0312500000000000
0.953125000000000	0.0156250000000000
0.921875000000000	0.0156250000000000
0.525042646598634	0.542440921692936
0.921875000000000	0.0468750000000000
0.953125000000000	0.0468750000000000
0.566500085850627	0.489999380719691
0.689682244943336	0.610458607523137
0.696248718695144	0.582744345415775
0.668587438212823	0.517650248065558
0.685701315329887	0.536340165686985
0.702815192446952	0.555030083308413
0.596883174340148	0.606830395632099
0.625207666088525	0.609817378873578
0.710178454760573	0.628660321218063
0.730674664577811	0.646862034912988
0.733858805629446	0.619635976732128
0.719929069564017	0.573720000929841
0.642321543205590	0.628507296495006
0.581691630095388	0.548414888175895
0.603449648091956	0.579116133524737
0.686498103891700	0.637684665703997
0.796875000000000	0.0468750000000000
0.828125000000000	0.0468750000000000
0.723144094321746	0.786803033812551
0.722133167872326	0.757671621634059
0.683313962840065	0.664910723884856
0.680129821788430	0.692136782065716
0.703810172657303	0.683112437579782
0.727490523526176	0.674088093093847
0.662817753022827	0.646709010189931
0.701636958055088	0.739469907939134
0.646213887299896	0.859653239925314
0.645202960850476	0.830521827746821
0.625717677482659	0.841451526230389
0.642170181502215	0.743127591211343
0.641159255052795	0.713996179032851
0.621673971684978	0.724925877516418
0.684173527586111	0.808662430779686
0.664688244218293	0.819592129263254
0.685184454035531	0.837793842958179
0.681140748237850	0.721268194244209
0.660644538420612	0.703066480549283
0.640148328603375	0.684864766854358
0.562735860619304	0.786789349607864
0.563746787068724	0.815920761786357
0.639137402153954	0.655733354675866
0.602027934663086	0.745547034880234
0.601017008213666	0.716415622701741
0.580360044742354	0.707905367887064
0.520411007227260	0.740637427800017
0.582381897641195	0.766168192244049
0.521421933676680	0.769768839978509
0.528259674555323	0.852719051849062
0.564757713518144	0.845052173964849
0.579205377457549	0.919114336505551
0.594614301966039	0.935291469204441
0.569573601497946	0.869739561478416
0.548916638026634	0.861229306663739
0.547523226474530	0.951468601903330
0.562932150983020	0.967645734602220
0.578773226474530	0.951468601903330
0.606071640460767	0.862072683594204
0.590230564969257	0.878249816293094
0.610887528440569	0.886760071107771
0.501393411552105	0.909760704760408
0.610023226474530	0.951468601903330
0.625432150983020	0.967645734602220
0.641273226474530	0.951468601903330
0.506209299531906	0.934448092273976
0.547091075491510	0.983822867301110
0.531250000000000	1
0.593750000000000	1
0.609591075491510	0.983822867301110
0.578341075491510	0.983822867301110
0.526866263003218	0.942958347088653
0.542707338494728	0.926781214389763
0.558548413986238	0.910604081690873
0.574389489477748	0.894426948991983
0.642137528440569	0.886760071107771
0.703773226474530	0.951468601903330
0.672523226474530	0.951468601903330
0.687932150983020	0.967645734602220
0.723258509842347	0.940538903419763
0.707849585333857	0.924361770720873
0.692440660825367	0.908184638021983
0.711925944193184	0.897254939538416
0.661622811808386	0.875830372624204
0.677031736316877	0.892007505323093
0.681108095176204	0.864900674140636
0.644192034401056	0.801390415568329
0.643181107951635	0.772259003389836
0.703658810953928	0.797732732296119
0.754972869788146	0.848288711388824
0.739563945279656	0.832111578689934
0.724155020771166	0.815934445991044
0.891305435437309	0.797822675270171
0.864131794296636	0.770715844087713
0.864131794296636	0.801965844087713
0.832881794296636	0.864465844087713
0.805708153155964	0.837359012905256
0.801631794296636	0.864465844087713
0.855979076577982	0.918679506452628
0.824729076577982	0.918679506452628
0.750896510928819	0.875395542571281
0.770381794296636	0.864465844087713
0.731411227561002	0.886325241054848
0.809784512015291	0.810252181722799
0.797555435437309	0.891572675270171
0.703341075491510	0.983822867301110
0.738667434350837	0.956716036118653
0.734591075491510	0.983822867301110
0.718750000000000	1
0.742743793210164	0.929609204936196
0.762229076577982	0.918679506452628
0.746820152069492	0.902502373753738
0.793479076577982	0.918679506452628
0.789402717718655	0.945786337635085
0.860055435437309	0.891572675270171
0.887229076577982	0.918679506452628
0.816576358859327	0.972893168817543
0.945652717718655	0.914536337635085
0.918479076577982	0.887429506452628
0.918479076577982	0.918679506452628
0.843750000000000	1
0.906250000000000	1
0.910326358859327	0.972893168817543
0.914402717718655	0.945786337635085
0.918479076577982	0.856179506452628
0.972826358859327	0.816643168817543
0.972826358859327	0.847893168817543
1	0.843750000000000
0.972826358859327	0.910393168817543
0.972826358859327	0.879143168817543
1	0.906250000000000
0.945652717718655	0.852036337635085
0.836958153155964	0.806109012905256
0.809784512015291	0.779002181722799
0.812968653066926	0.751776123541939
0.867315935348272	0.743489785906854
0.840142294207599	0.747632954724397
0.921663217629617	0.735203448271769
0.894489576488944	0.739346617089311
0.918479076577982	0.824929506452628
0.972826358859327	0.785393168817543
0.948836858770290	0.731060279454226
0.972826358859327	0.754143168817543
0.976010499910963	0.726917110636683
0.928031499732888	0.649501331910050
0.928031499732888	0.618251331910050
0.904041999643851	0.626418442546733
0.976010499910963	0.664417110636683
0.952020999821925	0.672584221273366
0.976010499910963	0.695667110636683
1	0.781250000000000
0.924847358681253	0.707977390090909
0.928031499732888	0.680751331910050
1	0.718750000000000
0.900857858592215	0.684894500727592
0.737042946681082	0.592409918551269
0.757539156498319	0.610611632246194
0.781219507367193	0.601587287760259
0.822521076221832	0.670097948999361
0.876868358503178	0.661811611364275
0.880052499554813	0.634585553183416
0.852878858414140	0.638728722000959
0.856062999465776	0.580252663820099
0.825705217273468	0.642871890818501
0.784403648418828	0.574361229579400
0.758620555912418	0.318086773797329
0.739891458288892	0.332064687230008
0.764818470468814	0.345927976958646
0.794200563183559	0.481311305363823
0.812929660807085	0.467333391931144
0.931261940745811	0.459165669801835
0.929646720239349	0.491833500855942
0.880052499554813	0.603335553183416
0.880052499554813	0.572085553183416
0.928031499732888	0.524501331910050
0.952020999821925	0.547584221273366
0.932877161252272	0.426497838747728
0.908887661163235	0.434664949384411
0.880052499554813	0.540835553183416
0.835303940389661	0.491834112348568
0.836919160896122	0.459166281294461
0.976010499910963	0.633167110636683
1	0.656250000000000
0.952020999821925	0.610084221273366
1	0.531250000000000
0.976010499910963	0.539417110636683
0.976010499910963	0.601917110636683
0.976010499910963	0.570667110636683
1	0.593750000000000
0.905657220150312	0.500000611492626
0.932877161252272	0.395247838747728
0.955251440834848	0.419748559165152
0.857678219972237	0.516334832765992
0.881667720061275	0.508167722129309
0.796078751159470	0.290130946931970
0.827755042921968	0.281619957078032
0.802828030742046	0.267756667349394
0.864139101998083	0.385663508549563
0.886513381580659	0.410164228966987
0.888128602087120	0.377496397912880
0.977625720417424	0.381749279582576
0.977625720417424	0.412999279582576
1	0.406250000000000
0.910502881669696	0.370747118330304
0.977625720417424	0.444249279582576
1	0.468750000000000
0.932877161252272	0.270247838747728
0.932877161252272	0.301497838747728
1	0.281250000000000
0.977625720417424	0.256749279582576
0.930750720417424	0.209874279582576
0.953125000000000	0.203125000000000
0.908376440834848	0.216623559165152
0.886002161252272	0.223372838747728
0.901627161252272	0.238997838747728
0.899500720417424	0.178624279582576
0.915125720417424	0.194249279582576
0.921875000000000	0.171875000000000
0.894877881669696	0.261372118330304
0.888128602087120	0.283746397912880
0.917252161252272	0.254622838747728
0.843380042921968	0.328494957078032
0.865754322504544	0.321745677495456
0.843380042921968	0.297244957078032
0.910502881669696	0.308247118330304
0.888128602087120	0.346246397912880
0.888128602087120	0.314996397912880
0.877126440834848	0.185373559165152
0.854752161252272	0.192122838747728
0.870377161252272	0.207747838747728
0.809577310324622	0.245382387766818
0.863627881669696	0.230122118330304
0.841253602087120	0.236871397912880
0.800661445209404	0.350639981147395
0.819390542832931	0.336662067714715
0.802276665715866	0.317972150093287
0.799046224702943	0.383307812201502
0.816160101820008	0.401997729822930
0.777349653535944	0.304108860364650
0.781932347585878	0.364617894580074
0.841764822415507	0.361162788132139
0.838534381402584	0.426498450240354
0.840149601909045	0.393830619186246
0.775471465560033	0.495289218796503
0.758357588442968	0.476599301175075
0.756742367936507	0.509267132229182
0.634151359557285	0.395090351106788
0.591784808024489	0.397390871874837
0.759972808949429	0.443931470120968
0.725745054715300	0.406551634878112
0.727360275221761	0.373883803824005
0.702433263041839	0.360020514095367
0.681720385716439	0.462221723850833
0.688286859468247	0.434507461743471
0.664606508599374	0.443531806229406
0.741243711325903	0.457909383553647
0.698834262833504	0.480911641472261
0.675153911964631	0.489935985958196
0.707015957091774	0.420529548310792
0.559933612098819	0.517713642827053
0.509182362252609	0.447446385292074
0.544073327752794	0.422719106426191
0.724129834208838	0.439219465932220
0.722514613702377	0.471887296986327
0.549418256491692	0.399691392642886
0.507051704958896	0.401991913410936
0.554763185230591	0.376663678859582
0.473669039268902	0.256499172723132
0.553910199413094	0.325794761914960
0.560108113969489	0.353635965076277
0.547712284856698	0.297953558753643
0.728046994202281	0.226166798163481
0.603161786775307	0.255884335300202
0.640183409569205	0.276611528315457
0.566140163981409	0.235157142284946
0.658912507192731	0.262633614882778
0.665110421749126	0.290474818044095
0.690037433929048	0.304338107772733
0.721162360665366	0.346042600662688
0.714964446108970	0.318201397501371
0.752422641356022	0.290245570636012
0.741545553367433	0.181418238998329
0.816326589907198	0.223008108184242
0.748721124712507	0.119282969561814
0.764346124712507	0.134907969561814
0.544743541187511	0.144117449269691
0.513919832950009	0.131700209415753
0.529118541187511	0.155836199269691
0.514772416475005	0.0599907297078763
0.499573708237502	0.0358547398539382
0.590765957662516	0.180670678977567
0.559942249425013	0.187784689123629
0.467471124712507	0.189595469561814
0.467471124712507	0.170064219561814
0.498294832950009	0.162950209415753
0.529118541187511	0.175367449269691
0.560368541187511	0.132398699269691
0.545169832950009	0.108262709415753
0.575567249425014	0.156534689123629
0.529971124712507	0.0841267195618145
0.484375000000000	0.0117187500000000
0.545596124712507	0.0724079695618145
0.468750000000000	0
0.671448708237502	0.0241359898539382
0.593750000000000	0
0.639346124712507	0.0724079695618145
0.656250000000000	0
0.780823708237502	0.0710109898539382
0.764772416475005	0.0951469797078763
0.553367138347011	0.545427904934415
0.781250000000000	0
0.796448708237502	0.0866359898539382
0.843750000000000	0.0625000000000000
0.828125000000000	0.0781250000000000
0.906250000000000	0
0.375000000000000	0.0703125000000000
0.843750000000000	0
0.250000000000000	0.0820312500000000
0.953125000000000	0.0781250000000000
0.968750000000000	0.0625000000000000
0.823075869489774	0.200633828601666
0.829825149072350	0.178259549019090
0.836574428654926	0.155885269436514
0.906250000000000	0.0625000000000000
0.868250720417424	0.147374279582576
0.883875720417424	0.162999279582576
0.937500000000000	0.156250000000000
0.921875000000000	0.140625000000000
0.984375000000000	0.234375000000000
1	0.218750000000000
0.984375000000000	0.203125000000000
0.968750000000000	0.187500000000000
0.953125000000000	0.171875000000000
0.968750000000000	0.125000000000000
0.953125000000000	0.109375000000000
0.953125000000000	0.140625000000000
0.984375000000000	0.109375000000000
0.984375000000000	0.140625000000000
0.984375000000000	0.171875000000000
1	0.156250000000000
0.921875000000000	0.109375000000000
0.921875000000000	0.0781250000000000
0.937500000000000	0.0937500000000000
0.984375000000000	0.0156250000000000
0.984375000000000	0.0468750000000000
1	0.0312500000000000
0.968750000000000	0
0.984375000000000	0.0781250000000000
1	0.0937500000000000
0.203125000000000	0.281250000000000